time (s) altitude (m) velocity (m/s) mass (kg)trajectory angle (rad) angle of attack (rad) heading angle (rad) latitude (rad)
0 90 15 29388 1.5691 0 -0.47402 -0.2123 2.3868
0.29089 94.508 15.996 29346 1.5688 -3.4479e-08 -0.41966 -0.2123 2.3868
0.8667 104.29 17.983 29263 1.5684 -4.6644e-08 -0.33186 -0.2123 2.3868
1.5051 116.48 20.21 29171 1.5678 -6.2912e-08 -0.2591 -0.2123 2.3868
1.9625 126.09 21.82 29105 1.5672 -2.3162e-07 -0.21891 -0.2123 2.3868
2.0814 128.71 22.241 29088 1.5671 -1.3916e-06 -0.20978 -0.2123 2.3868
2.3023 133.71 23.025 29056 1.5668 -2.7773e-07 -0.19404 -0.2123 2.3868
2.6959 143.05 24.429 28999 1.5663 -1.2215e-07 -0.16955 -0.2123 2.3868
3.0298 151.41 25.628 28951 1.5658 -2.1486e-06 -0.15177 -0.2123 2.3868
3.122 153.78 25.96 28938 1.5657 -2.2911e-06 -0.14728 -0.2123 2.3868
3.343 159.61 26.759 28906 1.5653 -6.2216e-07 -0.13719 -0.2123 2.3868
3.7366 170.42 28.188 28849 1.5647 -1.7871e-07 -0.12129 -0.2123 2.3868
4.0705 180.04 29.408 28801 1.5641 -2.4439e-06 -0.10957 -0.2123 2.3868
4.1627 182.76 29.746 28788 1.5639 -2.4051e-06 -0.10659 -0.2123 2.3868
4.4536 191.57 30.816 28746 1.5634 -9.475e-07 -0.097822 -0.2123 2.3868
5.0294 209.93 32.949 28663 1.5622 -2.4049e-07 -0.082948 -0.2123 2.3868
5.6679 231.73 35.338 28571 1.5609 -6.1201e-07 -0.069549 -0.2123 2.3868
6.1252 248.28 37.064 28505 1.5598 -2.6682e-06 -0.061529 -0.2123 2.3868
6.2441 252.71 37.514 28488 1.5595 -3.8815e-06 -0.059626 -0.2123 2.3868
6.535 263.78 38.621 28446 1.5588 -3.3555e-06 -0.055253 -0.2123 2.3868
7.1108 286.66 40.827 28363 1.5573 -3.3649e-07 -0.047639 -0.2123 2.3868
7.7492 313.51 43.295 28271 1.5555 -2.0703e-06 -0.040541 -0.2123 2.3868
8.2066 333.71 45.079 28205 1.5541 -6.5806e-06 -0.036167 -0.2123 2.3868
8.3254 339.1 45.544 28187 1.5538 -6.596e-06 -0.035115 -0.2123 2.3868
8.7674 359.6 47.283 28124 1.5524 -1.9862e-06 -0.031473 -0.2123 2.3868
9.5545 398.04 50.408 28010 1.5497 -5.7563e-07 -0.025905 -0.2123 2.3868
10.222 432.59 53.088 27914 1.5473 -1.0053e-05 -0.021934 -0.2123 2.3868
10.407 442.45 53.833 27887 1.5467 -1.0857e-05 -0.020941 -0.2123 2.3868
10.849 466.63 55.626 27824 1.545 -4.0627e-06 -0.01872 -0.2123 2.3868
11.636 511.66 58.848 27710 1.5418 -9.4391e-07 -0.015253 -0.2123 2.3868
12.304 551.87 61.611 27614 1.539 -1.1296e-05 -0.012724 -0.2123 2.3868
12.488 563.29 62.378 27587 1.5382 -1.2964e-05 -0.012083 -0.2123 2.3868
12.924 590.89 64.201 27524 1.5363 -1.0273e-05 -0.010655 -0.2123 2.3868
13.788 647.88 67.844 27400 1.5323 -1.0774e-06 -0.0081533 -0.2123 2.3868
14.746 714.75 71.932 27262 1.5276 -7.3079e-06 -0.0057996 -0.2123 2.3868
15.432 765.06 74.892 27163 1.524 -2.2755e-05 -0.0043376 -0.2123 2.3868
15.61 778.46 75.666 27137 1.5231 -2.4322e-05 -0.0039844 -0.2123 2.3868
15.838 795.81 76.658 27104 1.5219 -2.3768e-05 -0.0035474 -0.2123 2.3868
16.331 834.04 78.809 27033 1.5191 -1.4737e-05 -0.0026573 -0.2123 2.3868
16.988 886.72 81.703 26939 1.5154 -1.5756e-06 -0.0015721 -0.2123 2.3868
17.68 944.24 84.774 26839 1.5113 -5.8386e-06 -0.00054202 -0.2123 2.3868
18.27 994.91 87.412 26754 1.5076 -1.8653e-05 0.00025574 -0.2123 2.3868
18.641 1027.6 89.081 26700 1.5053 -2.42e-05 0.00072345 -0.2123 2.3868
18.732 1035.7 89.494 26687 1.5047 -2.4407e-05 0.00083515 -0.2123 2.3868
19.064 1065.6 90.993 26639 1.5025 -2.4043e-05 0.0012278 -0.2123 2.3868
19.654 1119.9 93.679 26554 1.4986 -1.8817e-05 0.001884 -0.2123 2.3868
20.155 1167.3 95.973 26482 1.4952 -1.4126e-05 0.0024011 -0.2123 2.3868
20.293 1180.6 96.609 26462 1.4943 -1.3349e-05 0.0025379 -0.2123 2.3868
20.625 1212.8 98.137 26414 1.492 -9.9556e-06 0.0028558 -0.2123 2.3868
21.215 1271.3 100.87 26329 1.4878 -8.2832e-06 0.0033895 -0.2123 2.3868
21.716 1322.2 103.21 26257 1.4841 -1.3298e-05 0.0038123 -0.2123 2.3868
21.854 1336.5 103.86 26237 1.4831 -1.5177e-05 0.0039244 -0.2123 2.3868
22.186 1371.1 105.42 26190 1.4806 -1.9031e-05 0.0041857 -0.2123 2.3868
22.776 1433.8 108.21 26105 1.4762 -2.8655e-05 0.0046262 -0.2123 2.3868
23.277 1488.4 110.59 26032 1.4723 -3.9198e-05 0.0049766 -0.2123 2.3868
23.415 1503.7 111.25 26012 1.4712 -4.1743e-05 0.0050699 -0.2123 2.3868
23.747 1540.6 112.84 25965 1.4686 -4.6397e-05 0.0052875 -0.2123 2.3868
24.337 1607.7 115.68 25880 1.4639 -4.793e-05 0.0056557 -0.2123 2.3868
24.838 1665.9 118.11 25807 1.4598 -3.9445e-05 0.00595 -0.2123 2.3868
24.976 1682.2 118.78 25788 1.4586 -3.5358e-05 0.0060285 -0.2123 2.3868
25.639 1761.5 122.03 25692 1.4531 -1.1153e-05 0.0063894 -0.2123 2.3868
26.82 1907.9 127.87 25522 1.443 -2.9577e-06 0.0069746 -0.2123 2.3868
27.822 2037.3 132.9 25378 1.4342 -3.4624e-05 0.0074208 -0.2123 2.3868
28.098 2073.9 134.3 25338 1.4318 -3.8935e-05 0.0075367 -0.2123 2.3868
28.761 2163.2 137.68 25242 1.4258 -2.8801e-05 0.0078029 -0.2123 2.3868
29.942 2327.5 143.76 25072 1.415 -1.7169e-05 0.00824 -0.2123 2.3869
30.944 2472.2 149.01 24928 1.4056 -3.1302e-05 0.008578 -0.2123 2.3869
31.22 2513.1 150.47 24888 1.403 -3.3698e-05 0.0086666 -0.2123 2.3869
31.883 2612.5 153.99 24793 1.3968 -1.7623e-05 0.008871 -0.2123 2.3869
33.064 2795.1 160.35 24623 1.3855 -3.5214e-06 0.0092103 -0.2123 2.3869
34.066 2955.5 165.82 24479 1.3758 -2.5765e-05 0.009476 -0.2123 2.3869
34.342 3000.7 167.35 24439 1.3732 -3.1551e-05 0.0095461 -0.2123 2.3869
34.779 3072.8 169.77 24376 1.3689 -2.6004e-05 0.009654 -0.2123 2.3869
35.642 3218.3 174.61 24252 1.3605 -4.6189e-06 0.0098584 -0.2123 2.3869
36.6 3384.3 180.05 24114 1.3512 -1.1632e-05 0.010072 -0.2123 2.3869
37.286 3506 183.99 24016 1.3445 -3.1794e-05 0.010217 -0.2123 2.3869
37.464 3538.1 185.03 23990 1.3428 -3.0994e-05 0.010254 -0.2123 2.3869
37.875 3612.4 187.41 23931 1.3388 -2.8609e-05 0.010337 -0.2123 2.3869
38.732 3770.8 192.44 23808 1.3304 -1.147e-05 0.010505 -0.2123 2.3869
39.804 3974.2 198.82 23653 1.32 -1.7501e-06 0.010703 -0.2123 2.3869
40.803 4169.2 204.86 23510 1.3104 -1.938e-05 0.010878 -0.2123 2.3869
41.461 4300.8 208.88 23415 1.3041 -2.8323e-05 0.010989 -0.2123 2.3869
41.627 4334.2 209.9 23391 1.3025 -2.8498e-05 0.011016 -0.2123 2.3869
42.037 4417.7 212.43 23332 1.2985 -2.3832e-05 0.011083 -0.2123 2.3869
42.895 4595.1 217.77 23209 1.2904 -8.4871e-06 0.011217 -0.2123 2.3869
43.967 4822.6 224.53 23055 1.2802 -1.3234e-06 0.011379 -0.2123 2.3869
44.966 5040.2 230.91 22911 1.2708 -1.3771e-05 0.011522 -0.2123 2.387
45.624 5186.7 235.15 22817 1.2646 -2.2755e-05 0.011614 -0.2123 2.387
45.79 5223.9 236.22 22793 1.263 -2.3493e-05 0.011636 -0.2123 2.387
46.2 5316.7 238.89 22734 1.2591 -1.9671e-05 0.011691 -0.2123 2.387
47.058 5513.7 244.48 22611 1.2511 -7.5681e-06 0.011804 -0.2123 2.387
48.129 5765.6 251.53 22457 1.241 -1.2897e-06 0.01194 -0.2123 2.387
49.128 6006.1 258.14 22313 1.2315 -4.2542e-06 0.012062 -0.2123 2.387
49.787 6167.5 262.51 22218 1.2253 -9.5983e-06 0.01214 -0.2123 2.387
49.953 6208.5 263.62 22195 1.2237 -1.1472e-05 0.012159 -0.2123 2.387
50.171 6262.8 265.07 22163 1.2216 -1.1468e-05 0.012184 -0.2123 2.387
50.603 6370.8 267.94 22101 1.2174 -9.301e-06 0.012234 -0.2123 2.387
51.081 6491.8 271.12 22032 1.2127 -8.2551e-06 0.012288 -0.2123 2.387
51.424 6579.2 273.4 21983 1.2094 -9.9715e-06 0.012326 -0.2123 2.387
51.514 6602 274 21970 1.2085 -1.0272e-05 0.012336 -0.2123 2.387
51.732 6658 275.45 21939 1.2063 -1.1271e-05 0.01236 -0.2123 2.387
52.164 6769.7 278.31 21877 1.202 -1.5772e-05 0.012407 -0.2123 2.3871
52.642 6894.6 281.48 21808 1.1971 -2.7759e-05 0.012459 -0.2123 2.3871
52.985 6984.8 283.75 21759 1.1936 -3.8547e-05 0.012495 -0.2123 2.3871
53.075 7008.3 284.34 21746 1.1927 -4.0929e-05 0.012504 -0.2123 2.3871
53.24 7052.2 285.43 21722 1.191 -4.5162e-05 0.012522 -0.2123 2.3871
53.535 7130.6 287.37 21680 1.1879 -5.012e-05 0.012553 -0.2123 2.3871
53.786 7197.5 289.02 21644 1.1852 -5.0813e-05 0.012578 -0.2123 2.3871
53.855 7216.1 289.47 21634 1.1845 -5.0513e-05 0.012586 -0.2123 2.3871
54.021 7260.6 290.56 21610 1.1827 -4.918e-05 0.012603 -0.2123 2.3871
54.316 7340.2 292.49 21568 1.1796 -4.3072e-05 0.012633 -0.2123 2.3871
54.566 7408 294.12 21532 1.1768 -3.3897e-05 0.012658 -0.2123 2.3871
54.636 7426.8 294.57 21522 1.1761 -3.1027e-05 0.012665 -0.2123 2.3871
54.967 7517.2 296.72 21474 1.1724 -1.5516e-05 0.012698 -0.2123 2.3871
55.557 7679.5 300.54 21390 1.1658 -1.4472e-06 0.012756 -0.2123 2.3871
56.058 7818.4 303.75 21318 1.1601 -3.149e-05 0.012805 -0.2123 2.3871
56.197 7857 304.64 21298 1.1585 -5.0113e-05 0.012818 -0.2123 2.3871
56.86 8043 308.86 21203 1.1506 -0.00020818 0.012882 -0.2123 2.3871
58.04 8378.8 316.28 21033 1.1358 -0.00099587 0.012992 -0.2123 2.3872
59.042 8668.1 322.5 20889 1.1221 -0.0022409 0.013082 -0.2123 2.3872
59.319 8748.6 324.21 20850 1.1181 -0.002655 0.013107 -0.2123 2.3872
59.982 8942.6 328.31 20755 1.1081 -0.0037967 0.013165 -0.2123 2.3872
61.162 9291.7 335.65 20585 1.0888 -0.0063654 0.013266 -0.2123 2.3872
62.164 9591 342 20441 1.0709 -0.0090506 0.01335 -0.2123 2.3873
62.441 9674.1 343.78 20402 1.0657 -0.0098308 0.013373 -0.2123 2.3873
62.772 9774 345.93 20354 1.0593 -0.010768 0.0134 -0.2123 2.3873
63.363 9952.5 349.82 20269 1.0475 -0.012416 0.013447 -0.2123 2.3873
63.863 10105 353.18 20198 1.0372 -0.01377 0.013487 -0.2123 2.3873
64.002 10147 354.12 20178 1.0343 -0.014135 0.013498 -0.2123 2.3873
64.333 10248 356.38 20130 1.0273 -0.015 0.013524 -0.2123 2.3873
64.924 10428 360.47 20045 1.0144 -0.016457 0.013569 -0.2123 2.3873
65.424 10582 364.01 19974 1.0032 -0.017587 0.013608 -0.2123 2.3874
65.563 10624 365 19954 1.0001 -0.017886 0.013618 -0.2123 2.3874
66.226 10828 369.8 19859 0.98486 -0.019244 0.013668 -0.2123 2.3874
67.406 11193 378.63 19689 0.957 -0.021171 0.013755 -0.21229 2.3874
68.408 11503 386.45 19546 0.93291 -0.022269 0.013828 -0.21229 2.3875
68.685 11589 388.67 19506 0.92622 -0.02251 0.013847 -0.21229 2.3875
69.348 11795 394.07 19411 0.91016 -0.022974 0.013894 -0.21229 2.3875
70.528 12163 404.05 19242 0.88165 -0.023352 0.013977 -0.21229 2.3875
71.53 12476 412.87 19098 0.85777 -0.023241 0.014045 -0.21229 2.3876
71.807 12562 415.37 19058 0.85126 -0.023182 0.014064 -0.21229 2.3876
72.47 12769 421.46 18963 0.83581 -0.022991 0.014109 -0.21229 2.3876
73.65 13139 432.68 18794 0.80889 -0.022557 0.014188 -0.21229 2.3877
74.652 13452 442.6 18650 0.78673 -0.022195 0.014254 -0.21229 2.3877
74.929 13539 445.4 18611 0.78073 -0.022121 0.014272 -0.21229 2.3877
75.801 13813 454.41 18485 0.76209 -0.021971 0.014329 -0.21229 2.3878
77.529 14355 473.11 18238 0.72641 -0.022609 0.01444 -0.21229 2.3879
79.444 14957 495.18 17963 0.68808 -0.025021 0.014563 -0.21229 2.388
80.816 15389 511.88 17767 0.66095 -0.027788 0.01465 -0.21229 2.3881
81.173 15501 516.34 17715 0.6539 -0.028678 0.014672 -0.21229 2.3881
81.836 15709 524.78 17620 0.64077 -0.030437 0.014714 -0.21228 2.3881
83.017 16079 540.26 17451 0.61721 -0.034077 0.014789 -0.21228 2.3882
84.018 16391 553.86 17308 0.59697 -0.037716 0.014852 -0.21228 2.3883
84.295 16477 557.7 17268 0.59133 -0.03879 0.014869 -0.21228 2.3883
84.626 16580 562.34 17221 0.58454 -0.040117 0.01489 -0.21228 2.3883
85.217 16763 570.75 17136 0.57236 -0.042558 0.014927 -0.21228 2.3884
85.718 16918 578.02 17064 0.56196 -0.044705 0.014959 -0.21228 2.3884
85.856 16960 580.05 17044 0.55907 -0.045302 0.014967 -0.21228 2.3884
86.187 17062 584.96 16997 0.55214 -0.046741 0.014988 -0.21228 2.3885
86.778 17243 593.85 16912 0.53976 -0.049318 0.015025 -0.21228 2.3885
87.279 17395 601.56 16840 0.52923 -0.0515 0.015057 -0.21228 2.3886
87.417 17437 603.71 16821 0.52632 -0.052098 0.015066 -0.21228 2.3886
88.08 17638 614.2 16726 0.51239 -0.054908 0.015107 -0.21228 2.3886
89.261 17991 633.59 16556 0.48783 -0.059432 0.015182 -0.21228 2.3887
90.262 18286 650.76 16413 0.46745 -0.062701 0.015245 -0.21227 2.3888
90.539 18367 655.62 16373 0.46193 -0.063536 0.015263 -0.21227 2.3888
91.202 18560 667.47 16278 0.44888 -0.065393 0.015305 -0.21227 2.3889
92.383 18899 689.31 16109 0.42637 -0.068193 0.015381 -0.21227 2.389
93.384 19183 708.56 15965 0.40804 -0.070014 0.015445 -0.21227 2.3891
93.661 19261 713.99 15926 0.40311 -0.070446 0.015463 -0.21227 2.3892
94.097 19383 722.65 15863 0.39543 -0.07106 0.015491 -0.21227 2.3892
94.961 19622 740.14 15740 0.38063 -0.072033 0.015547 -0.21227 2.3893
95.919 19883 760.07 15602 0.3648 -0.072726 0.015609 -0.21227 2.3894
96.605 20068 774.68 15504 0.35382 -0.073039 0.015654 -0.21226 2.3895
96.783 20116 778.52 15479 0.35101 -0.073095 0.015666 -0.21226 2.3895
97.219 20232 788 15416 0.34421 -0.073219 0.015695 -0.21226 2.3896
98.083 20460 807.08 15292 0.33106 -0.073354 0.015752 -0.21226 2.3897
99.041 20710 828.71 15155 0.31688 -0.073367 0.015816 -0.21226 2.3898
99.727 20886 844.51 15057 0.30694 -0.073314 0.015862 -0.21226 2.3899
99.905 20931 848.66 15031 0.30439 -0.073285 0.015874 -0.21226 2.3899
100.78 21151 869.18 14906 0.29201 -0.073115 0.015933 -0.21226 2.39
102.51 21576 910.9 14659 0.26801 -0.072278 0.016051 -0.21225 2.3902
104.42 22027 958.73 14384 0.24189 -0.069858 0.016184 -0.21225 2.3905
105.79 22336 993.92 14188 0.22341 -0.066968 0.016281 -0.21225 2.3907
106.15 22414 1003.2 14137 0.21863 -0.066091 0.016307 -0.21224 2.3908
106.81 22557 1020.5 14042 0.20977 -0.064304 0.016354 -0.21224 2.3909
107.99 22802 1051.7 13873 0.19409 -0.060608 0.016439 -0.21224 2.3911
108.99 23001 1078.6 13729 0.18094 -0.056936 0.016513 -0.21224 2.3912
109.27 23054 1086.1 13689 0.17735 -0.05587 0.016533 -0.21224 2.3913
109.6 23117 1095 13642 0.17307 -0.054571 0.016557 -0.21224 2.3913
110.19 23227 1111.2 13557 0.16552 -0.05223 0.016601 -0.21223 2.3915
110.69 23317 1124.9 13486 0.1592 -0.050235 0.016639 -0.21223 2.3915
110.83 23342 1128.8 13466 0.15747 -0.049688 0.016649 -0.21223 2.3916
111.16 23400 1138 13418 0.15335 -0.048377 0.016674 -0.21223 2.3916
111.75 23501 1154.5 13334 0.14612 -0.046096 0.016718 -0.21223 2.3917
112.25 23584 1168.6 13262 0.14009 -0.044236 0.016757 -0.21223 2.3918
112.39 23606 1172.5 13242 0.13845 -0.043734 0.016767 -0.21223 2.3918
113.06 23712 1191.5 13147 0.13066 -0.041399 0.016818 -0.21223 2.392
114.24 23888 1225.8 12978 0.1172 -0.037754 0.016909 -0.21222 2.3922
115.24 24026 1255.5 12835 0.10616 -0.035217 0.016987 -0.21222 2.3924
115.52 24063 1263.8 12795 0.10317 -0.034573 0.017009 -0.21222 2.3925
115.85 24105 1273.8 12747 0.099609 -0.03383 0.017035 -0.21222 2.3925
116.44 24178 1291.7 12663 0.093361 -0.032533 0.017082 -0.21221 2.3926
116.94 24237 1307.1 12591 0.088151 -0.031433 0.017122 -0.21221 2.3927
117.08 24253 1311.4 12571 0.086729 -0.031123 0.017133 -0.21221 2.3928
117.41 24290 1321.6 12524 0.083349 -0.03037 0.01716 -0.21221 2.3928
118 24353 1340.1 12439 0.077447 -0.028933 0.017208 -0.21221 2.393
118.5 24404 1355.8 12367 0.072575 -0.027583 0.017249 -0.21221 2.3931
118.64 24417 1360.2 12348 0.071256 -0.02719 0.01726 -0.21221 2.3931
119.3 24479 1381.2 12253 0.065099 -0.025194 0.017314 -0.2122 2.3933
120.48 24578 1419.2 12084 0.054961 -0.021112 0.017412 -0.2122 2.3935
121.48 24652 1451.7 11940 0.047405 -0.017085 0.017497 -0.2122 2.3937
121.76 24670 1460.7 11900 0.045521 -0.015893 0.01752 -0.21219 2.3938
122.09 24692 1471.5 11853 0.043391 -0.014414 0.017548 -0.21219 2.3939
122.68 24728 1490.8 11768 0.039972 -0.011649 0.017599 -0.21219 2.394
123.18 24757 1507.2 11697 0.037485 -0.0091621 0.017642 -0.21219 2.3941
123.32 24765 1511.7 11677 0.036871 -0.0084562 0.017653 -0.21219 2.3942
123.49 24774 1517.2 11653 0.036179 -0.0075993 0.017668 -0.21219 2.3942
123.78 24790 1526.9 11611 0.035065 -0.0060424 0.017693 -0.21219 2.3943
124.03 24803 1535.2 11575 0.034223 -0.0046895 0.017715 -0.21219 2.3944
124.1 24807 1537.5 11565 0.034003 -0.0043134 0.017721 -0.21218 2.3944
124.27 24816 1543 11541 0.033501 -0.0034078 0.017736 -0.21218 2.3944
124.56 24831 1552.9 11499 0.032694 -0.0017794 0.017761 -0.21218 2.3945
124.81 24843 1561.3 11463 0.032095 -0.00038505 0.017783 -0.21218 2.3945
124.88 24847 1563.6 11453 0.031944 0 0.01779 -0.21218 2.3946
