time (s) altitude (m) velocity (m/s) mass (kg)trajectory angle (rad) angle of attack (rad) heading angle (rad) latitude (rad)
0 90 15 29388 1.5691 0 -0.43978 -0.2123 2.3868
0.29089 94.508 15.996 29346 1.5688 -4.324e-09 -0.38372 -0.2123 2.3868
0.8667 104.29 17.983 29263 1.5684 -4.6587e-09 -0.29352 -0.2123 2.3868
1.5052 116.48 20.209 29171 1.5677 -9.2998e-09 -0.21914 -0.2123 2.3868
1.9625 126.09 21.82 29105 1.5672 -1.919e-08 -0.17819 -0.2123 2.3868
2.0814 128.71 22.24 29088 1.567 -2.2771e-07 -0.1689 -0.2123 2.3868
2.5233 138.89 23.812 29024 1.5665 -1.3547e-08 -0.13841 -0.2123 2.3868
3.3105 158.74 26.64 28911 1.5653 -2.0061e-08 -0.096678 -0.2123 2.3868
3.9783 177.34 29.069 28814 1.5641 -3.8377e-08 -0.070373 -0.2123 2.3868
4.1627 182.76 29.745 28788 1.5638 -8.7143e-07 -0.064237 -0.2123 2.3868
4.6047 196.27 31.372 28724 1.5629 -3.654e-08 -0.051111 -0.2123 2.3868
5.3918 222.11 34.3 28610 1.5613 -5.2344e-08 -0.032265 -0.2123 2.3868
6.0597 245.86 36.814 28514 1.5597 -7.7049e-08 -0.019724 -0.2123 2.3868
6.2441 252.71 37.513 28488 1.5592 -1.051e-06 -0.016707 -0.2123 2.3868
6.686 269.66 39.196 28424 1.5581 -9.984e-08 -0.010126 -0.2123 2.3868
7.4732 301.7 42.223 28310 1.5559 -7.63e-08 -0.00032402 -0.2123 2.3868
8.1411 330.76 44.821 28214 1.5539 -2.6319e-07 0.0064673 -0.2123 2.3868
8.3255 339.09 45.542 28187 1.5533 -4.7076e-07 0.0081387 -0.2123 2.3868
9.2094 380.87 49.031 28060 1.5504 -7.7036e-08 0.015152 -0.2123 2.3868
10.784 463 55.359 27833 1.5445 -1.0906e-07 0.024499 -0.2123 2.3868
12.119 540.57 60.843 27640 1.5389 -1.9831e-07 0.030275 -0.2123 2.3868
12.488 563.27 62.375 27587 1.5372 -4.7913e-06 0.031609 -0.2123 2.3868
12.925 590.87 64.199 27524 1.5352 -3.7884e-07 0.033072 -0.2123 2.3868
13.788 647.85 67.842 27400 1.5311 -2.6309e-07 0.035642 -0.2123 2.3868
14.746 714.71 71.931 27262 1.5262 -4.1018e-07 0.038065 -0.2123 2.3868
15.432 765.02 74.891 27163 1.5225 -7.2099e-07 0.039573 -0.2123 2.3868
15.61 778.43 75.664 27137 1.5215 -2.2041e-06 0.039938 -0.2123 2.3868
16.047 811.81 77.565 27074 1.5191 -9.5957e-07 0.040788 -0.2123 2.3868
16.91 880.34 81.358 26950 1.514 -3.6684e-07 0.042308 -0.2123 2.3868
17.868 960.15 85.612 26812 1.5081 -4.8458e-07 0.043776 -0.2123 2.3868
18.554 1019.8 88.691 26713 1.5036 -3.093e-06 0.04471 -0.2123 2.3868
18.732 1035.7 89.495 26687 1.5024 -4.0306e-06 0.044938 -0.2123 2.3868
19.395 1095.8 92.501 26592 1.4979 -6.7238e-07 0.045739 -0.2123 2.3868
20.576 1207.9 97.916 26422 1.4896 -3.8371e-07 0.047002 -0.2123 2.3868
21.578 1308 102.57 26277 1.4821 -6.2038e-06 0.047935 -0.2123 2.3868
21.854 1336.4 103.87 26237 1.48 -6.752e-06 0.048173 -0.2123 2.3868
22.517 1406 106.99 26142 1.4749 -7.0479e-07 0.048713 -0.2123 2.3868
23.698 1535 112.61 25972 1.4653 -5.0882e-07 0.049578 -0.2123 2.3868
24.7 1649.5 117.45 25827 1.457 -8.9733e-06 0.050229 -0.2123 2.3868
24.976 1682 118.8 25788 1.4546 -1.049e-05 0.050397 -0.2123 2.3868
25.413 1733.9 120.93 25725 1.4508 -7.6111e-06 0.050652 -0.2123 2.3868
26.276 1839.4 125.19 25600 1.4432 -4.7119e-07 0.051126 -0.2123 2.3868
27.234 1960.5 129.97 25462 1.4346 -2.5083e-06 0.051607 -0.2123 2.3868
27.92 2050 133.43 25364 1.4283 -1.076e-05 0.051926 -0.2123 2.3868
28.098 2073.6 134.33 25338 1.4267 -1.1371e-05 0.052006 -0.2123 2.3868
28.535 2132 136.55 25275 1.4226 -9.4301e-06 0.052196 -0.2123 2.3868
29.398 2250.5 140.99 25151 1.4144 -4.9371e-07 0.052551 -0.2123 2.3869
30.356 2386.1 145.97 25013 1.4052 -2.6335e-06 0.052916 -0.2123 2.3869
31.042 2486.1 149.58 24914 1.3985 -9.926e-06 0.05316 -0.2123 2.3869
31.22 2512.4 150.52 24888 1.3968 -8.7155e-06 0.053222 -0.2123 2.3869
31.883 2611.8 154.05 24793 1.3902 -1.8513e-06 0.053443 -0.2123 2.3869
33.064 2794.2 160.42 24623 1.3785 -4.925e-07 0.05381 -0.2123 2.3869
34.066 2954.5 165.91 24479 1.3684 -1.058e-05 0.054099 -0.2123 2.3869
34.343 2999.6 167.44 24439 1.3656 -1.0887e-05 0.054175 -0.2123 2.3869
35.005 3109.4 171.14 24344 1.3589 -2.3855e-06 0.054353 -0.2123 2.3869
36.186 3310.5 177.81 24174 1.3469 -4.5368e-07 0.05465 -0.2123 2.3869
37.188 3486.8 183.56 24030 1.3367 -9.2683e-06 0.054886 -0.2123 2.3869
37.465 3536.4 185.16 23990 1.3339 -9.3014e-06 0.054949 -0.2123 2.3869
38.127 3656.9 189.04 23894 1.3271 -1.6528e-06 0.055095 -0.2123 2.3869
39.308 3877.1 196.03 23725 1.3151 -4.3939e-07 0.055343 -0.2123 2.3869
40.31 4069.8 202.06 23581 1.305 -7.9725e-06 0.055541 -0.2123 2.3869
40.587 4123.9 203.74 23541 1.3022 -7.8905e-06 0.055594 -0.2123 2.3869
41.25 4255.3 207.8 23445 1.2955 -1.0446e-06 0.055718 -0.2123 2.3869
42.43 4495.2 215.12 23276 1.2837 -4.2966e-07 0.055929 -0.2123 2.3869
43.432 4704.6 221.42 23132 1.2737 -6.7687e-06 0.0561 -0.2123 2.3869
43.709 4763.3 223.18 23092 1.2709 -6.6887e-06 0.056146 -0.2123 2.3869
44.324 4895.5 227.1 23003 1.2648 -9.25e-07 0.056246 -0.2123 2.387
45.61 5178.6 235.4 22819 1.2521 -3.9996e-07 0.056447 -0.21229 2.387
47.218 5545 245.92 22587 1.2362 -6.8695e-07 0.056684 -0.21229 2.387
48.716 5899.1 255.84 22372 1.2214 -3.8932e-07 0.056892 -0.21229 2.387
49.704 6139.2 262.43 22230 1.2115 -7.5715e-06 0.057024 -0.21229 2.387
49.953 6200.4 264.09 22195 1.209 -7.4516e-06 0.057056 -0.21229 2.387
50.616 6365.3 268.52 22099 1.2023 -9.7931e-07 0.057141 -0.21229 2.387
51.796 6664.7 276.41 21930 1.1901 -4.0795e-07 0.057289 -0.21229 2.3871
52.798 6924.4 283.08 21786 1.1795 -1.0714e-05 0.05741 -0.21229 2.3871
53.075 6996.9 284.91 21746 1.1765 -1.2759e-05 0.057442 -0.21229 2.3871
53.511 7112.2 287.8 21683 1.1718 -8.596e-06 0.057493 -0.21229 2.3871
54.375 7343 293.48 21559 1.1621 -4.6738e-07 0.057592 -0.21229 2.3871
55.333 7603.1 299.73 21422 1.1511 -9.9081e-06 0.0577 -0.21229 2.3871
56.019 7791.9 304.16 21323 1.1429 -2.0831e-05 0.057775 -0.21229 2.3871
56.197 7841.3 305.3 21298 1.1408 -1.9684e-05 0.057794 -0.21228 2.3871
56.528 7933.5 307.43 21250 1.1367 -1.5147e-05 0.057829 -0.21228 2.3871
57.119 8098.9 311.19 21165 1.1294 -2.8738e-06 0.057892 -0.21228 2.3872
57.62 8240.3 314.37 21094 1.123 -5.2106e-07 0.057944 -0.21228 2.3872
57.758 8279.6 315.24 21074 1.1212 -3.5671e-06 0.057959 -0.21228 2.3872
58.089 8373.9 317.33 21026 1.1169 -1.9151e-05 0.057993 -0.21228 2.3872
58.68 8542.9 321.03 20941 1.1091 -0.00013797 0.058053 -0.21228 2.3872
59.181 8687.4 324.15 20869 1.1023 -0.00036744 0.058103 -0.21228 2.3872
59.319 8727.4 325.01 20850 1.1004 -0.00045003 0.058117 -0.21228 2.3872
59.982 8920.2 329.13 20754 1.091 -0.00095118 0.058182 -0.21228 2.3872
61.163 9267.2 336.45 20585 1.0733 -0.0023695 0.058296 -0.21228 2.3873
62.164 9564.8 342.73 20441 1.0571 -0.0041368 0.058389 -0.21228 2.3873
62.441 9647.5 344.48 20402 1.0524 -0.0047017 0.058415 -0.21228 2.3873
62.883 9780 347.31 20338 1.0448 -0.0056688 0.058455 -0.21228 2.3873
63.67 10017 352.43 20225 1.0306 -0.0075556 0.058526 -0.21227 2.3873
64.338 10219 356.87 20129 1.0179 -0.0092813 0.058585 -0.21227 2.3873
64.522 10276 358.12 20103 1.0144 -0.0097571 0.058602 -0.21227 2.3873
64.964 10410 361.14 20040 1.0056 -0.010896 0.05864 -0.21227 2.3874
65.751 10651 366.64 19927 0.9896 -0.012836 0.058707 -0.21227 2.3874
66.419 10856 371.44 19831 0.97554 -0.014348 0.058764 -0.21227 2.3874
66.604 10913 372.79 19804 0.97159 -0.014745 0.058779 -0.21227 2.3874
67.488 11185 379.39 19678 0.95235 -0.016514 0.058852 -0.21227 2.3874
69.062 11673 391.75 19452 0.91711 -0.018755 0.058978 -0.21226 2.3875
70.398 12090 402.88 19260 0.88686 -0.019707 0.059083 -0.21226 2.3876
70.766 12205 406.05 19207 0.87854 -0.019879 0.059111 -0.21226 2.3876
71.65 12482 413.84 19081 0.8587 -0.020132 0.059178 -0.21226 2.3876
73.225 12976 428.37 18855 0.82404 -0.020033 0.059295 -0.21225 2.3877
74.56 13396 441.37 18663 0.79565 -0.019531 0.059393 -0.21225 2.3877
74.929 13512 445.06 18610 0.78802 -0.019401 0.059419 -0.21225 2.3878
75.813 13792 454.13 18484 0.77007 -0.019104 0.059483 -0.21225 2.3878
77.387 14290 470.98 18258 0.73929 -0.019119 0.059594 -0.21224 2.3879
78.723 14715 486.02 18067 0.71415 -0.020001 0.059687 -0.21224 2.388
79.092 14832 490.3 18014 0.70732 -0.020397 0.059713 -0.21224 2.388
79.674 15018 497.15 17930 0.69663 -0.021125 0.059753 -0.21223 2.388
80.825 15385 511.13 17765 0.67568 -0.023041 0.059832 -0.21223 2.3881
82.102 15794 527.27 17582 0.65259 -0.025959 0.05992 -0.21222 2.3882
83.017 16087 539.25 17451 0.63599 -0.028526 0.059982 -0.21222 2.3882
83.255 16163 542.42 17417 0.63166 -0.02927 0.059998 -0.21222 2.3883
83.697 16305 548.38 17354 0.62357 -0.030701 0.060028 -0.21222 2.3883
84.484 16557 559.21 17241 0.60906 -0.03348 0.060081 -0.21221 2.3883
85.152 16770 568.62 17145 0.59662 -0.036083 0.060126 -0.21221 2.3884
85.336 16829 571.26 17119 0.59316 -0.03683 0.060138 -0.21221 2.3884
85.778 16970 577.64 17055 0.58482 -0.038669 0.060168 -0.21221 2.3884
86.565 17221 589.25 16943 0.56982 -0.042135 0.06022 -0.21221 2.3885
87.233 17433 599.36 16847 0.55694 -0.04524 0.060265 -0.2122 2.3886
87.417 17491 602.2 16821 0.55337 -0.046104 0.060277 -0.2122 2.3886
87.999 17675 611.27 16737 0.54205 -0.048837 0.060316 -0.2122 2.3886
89.151 18037 629.85 16572 0.51957 -0.054 0.060393 -0.21219 2.3887
90.428 18434 651.46 16389 0.49491 -0.059004 0.060479 -0.21219 2.3888
91.342 18716 667.6 16258 0.47764 -0.062071 0.06054 -0.21218 2.3889
91.58 18789 671.89 16224 0.47322 -0.062806 0.060556 -0.21218 2.3889
92.162 18966 682.54 16141 0.46255 -0.064502 0.060595 -0.21218 2.389
93.313 19315 704.29 15976 0.442 -0.067376 0.060672 -0.21217 2.3891
94.59 19697 729.4 15793 0.42017 -0.069764 0.060758 -0.21216 2.3892
95.505 19968 748.01 15662 0.40515 -0.071007 0.06082 -0.21216 2.3893
95.743 20038 752.93 15628 0.40132 -0.07126 0.060836 -0.21215 2.3894
96.325 20209 765.11 15544 0.39209 -0.07182 0.060875 -0.21215 2.3894
97.476 20544 789.8 15379 0.37436 -0.072558 0.060954 -0.21214 2.3896
98.753 20910 818.05 15196 0.35543 -0.072915 0.061041 -0.21213 2.3897
99.668 21169 838.82 15065 0.34228 -0.073011 0.061105 -0.21213 2.3898
99.905 21236 844.29 15031 0.33891 -0.073007 0.061121 -0.21212 2.3899
100.26 21334 852.43 14981 0.33396 -0.073001 0.061145 -0.21212 2.3899
101.03 21549 870.58 14870 0.32316 -0.072924 0.061199 -0.21212 2.39
102.11 21844 896.31 14716 0.30836 -0.072639 0.061275 -0.21211 2.3902
103.32 22171 926 14542 0.29188 -0.071961 0.061361 -0.2121 2.3903
104.49 22479 955.17 14374 0.27616 -0.070777 0.061444 -0.21209 2.3905
105.43 22722 979.15 14239 0.26354 -0.069354 0.061512 -0.21208 2.3906
106.01 22868 993.96 14157 0.25587 -0.068281 0.061554 -0.21207 2.3907
106.15 22904 997.58 14137 0.25401 -0.068002 0.061564 -0.21207 2.3907
106.5 22991 1006.7 14086 0.24934 -0.067279 0.061589 -0.21207 2.3908
107.27 23182 1027 13975 0.23907 -0.065495 0.061646 -0.21206 2.3909
108.35 23439 1055.5 13821 0.22487 -0.062527 0.061725 -0.21205 2.3911
109.57 23719 1088.1 13647 0.20901 -0.058502 0.061816 -0.21204 2.3913
110.73 23977 1120 13480 0.19405 -0.05401 0.061904 -0.21203 2.3915
111.68 24177 1146.2 13345 0.18228 -0.050191 0.061976 -0.21202 2.3917
112.25 24295 1162.4 13262 0.17526 -0.047899 0.06202 -0.21201 2.3918
112.39 24324 1166.3 13242 0.17357 -0.047351 0.06203 -0.21201 2.3918
113.28 24498 1191.5 13115 0.16311 -0.044007 0.062099 -0.212 2.392
114.85 24792 1237.5 12890 0.14525 -0.03901 0.062222 -0.21198 2.3923
116.19 25023 1277.5 12699 0.13079 -0.035709 0.062328 -0.21196 2.3925
116.56 25083 1288.7 12646 0.12689 -0.034844 0.062357 -0.21196 2.3926
117.14 25177 1306.6 12562 0.12085 -0.033454 0.062404 -0.21195 2.3927
118.29 25352 1342.4 12397 0.1093 -0.030329 0.062498 -0.21194 2.393
119.57 25531 1383 12215 0.097356 -0.026096 0.062603 -0.21192 2.3932
120.48 25650 1412.5 12084 0.089525 -0.022573 0.062679 -0.21191 2.3934
120.72 25680 1420.2 12049 0.087605 -0.021585 0.062699 -0.2119 2.3935
121.16 25734 1434.6 11986 0.084179 -0.019685 0.062736 -0.2119 2.3936
121.95 25826 1460.4 11873 0.078575 -0.016065 0.062803 -0.21189 2.3938
122.62 25902 1482.4 11778 0.074381 -0.012745 0.06286 -0.21188 2.3939
122.8 25922 1488.5 11751 0.073323 -0.011792 0.062876 -0.21187 2.394
123.02 25946 1495.8 11720 0.072116 -0.010629 0.062895 -0.21187 2.394
123.42 25988 1508.8 11663 0.070136 -0.0084991 0.062929 -0.21187 2.3941
123.75 26023 1519.9 11615 0.068639 -0.0066301 0.062957 -0.21186 2.3942
123.84 26032 1523 11602 0.068257 -0.0061071 0.062965 -0.21186 2.3942
124.06 26055 1530.4 11571 0.067395 -0.0048415 0.062985 -0.21186 2.3943
124.46 26096 1543.6 11514 0.066015 -0.0025412 0.063019 -0.21185 2.3944
124.79 26129 1554.8 11466 0.064978 -0.00055076 0.063048 -0.21184 2.3945
124.88 26139 1558 11453 0.064716 0 0.063056 -0.21184 2.3945
