time (s) altitude (m) velocity (m/s) mass (kg)trajectory angle (rad) angle of attack (rad) heading angle (rad) latitude (rad)
0 90 15 29388 1.5691 0 -0.43037 -0.2123 2.3868
0.29089 94.508 15.996 29346 1.5688 -6.729e-10 -0.37385 -0.2123 2.3868
0.8667 104.29 17.983 29263 1.5684 -1.1077e-09 -0.28302 -0.2123 2.3868
1.5052 116.48 20.209 29171 1.5677 -2.3231e-09 -0.20821 -0.2123 2.3868
1.9625 126.09 21.82 29105 1.5672 -6.9252e-09 -0.16707 -0.2123 2.3868
2.0814 128.71 22.24 29088 1.567 -3.4069e-08 -0.15774 -0.2123 2.3868
2.5233 138.89 23.811 29024 1.5664 -4.1381e-09 -0.12713 -0.2123 2.3868
3.3105 158.74 26.64 28911 1.5653 -6.0086e-09 -0.085255 -0.2123 2.3868
3.9783 177.34 29.069 28814 1.5641 -1.4675e-08 -0.058872 -0.2123 2.3868
4.1627 182.76 29.745 28788 1.5638 -8.7693e-08 -0.052718 -0.2123 2.3868
4.6047 196.27 31.372 28724 1.5629 -1.1843e-08 -0.039557 -0.2123 2.3868
5.3918 222.11 34.3 28610 1.5612 -1.5942e-08 -0.02066 -0.2123 2.3868
6.0597 245.85 36.814 28514 1.5596 -3.1756e-08 -0.0080857 -0.2123 2.3868
6.2441 252.71 37.512 28488 1.5592 -1.5329e-07 -0.0050604 -0.2123 2.3868
6.6861 269.66 39.196 28424 1.558 -2.5416e-08 0.0015392 -0.2123 2.3868
7.4732 301.69 42.223 28310 1.5558 -3.0561e-08 0.011371 -0.2123 2.3868
8.1411 330.76 44.82 28214 1.5538 -5.7712e-08 0.018184 -0.2123 2.3868
8.3255 339.08 45.542 28187 1.5532 -1.5219e-07 0.019861 -0.2123 2.3868
9.2094 380.87 49.03 28060 1.5502 -3.3362e-08 0.026901 -0.2123 2.3868
10.784 463 55.358 27833 1.5443 -2.2529e-08 0.036286 -0.2123 2.3868
12.119 540.56 60.842 27640 1.5386 -2.1895e-08 0.042091 -0.2123 2.3868
12.488 563.27 62.375 27587 1.537 -1.2378e-06 0.043432 -0.2123 2.3868
12.796 582.64 63.659 27543 1.5355 -8.8462e-08 0.044483 -0.2123 2.3868
13.439 624.42 66.363 27450 1.5325 -1.2758e-08 0.046493 -0.2123 2.3868
14.243 679.1 69.776 27334 1.5285 -1.295e-07 0.048698 -0.2123 2.3868
14.992 732.52 72.989 27226 1.5245 -1.0202e-07 0.050494 -0.2123 2.3868
15.486 769.05 75.124 27155 1.5218 -5.1622e-07 0.05156 -0.2123 2.3868
15.61 778.41 75.663 27137 1.5211 -4.5224e-07 0.051815 -0.2123 2.3868
16.047 811.8 77.565 27074 1.5186 -1.1626e-08 0.052672 -0.2123 2.3868
16.91 880.33 81.359 26950 1.5135 -2.1992e-07 0.054205 -0.2123 2.3868
17.868 960.13 85.619 26812 1.5076 0 0.055687 -0.2123 2.3868
18.554 1019.8 88.705 26713 1.5032 -3.6305e-07 0.056632 -0.2123 2.3868
18.732 1035.6 89.508 26687 1.502 -1.1638e-06 0.056863 -0.2123 2.3868
19.169 1075 91.48 26624 1.499 -1.2033e-07 0.057405 -0.2123 2.3868
20.032 1155.5 95.415 26500 1.4928 -3.4001e-07 0.058388 -0.2123 2.3868
20.99 1248.7 99.848 26362 1.486 0 0.059358 -0.2123 2.3868
21.676 1318 103.06 26263 1.4809 -9.7274e-07 0.059986 -0.2123 2.3868
21.854 1336.4 103.89 26237 1.4795 -8.9563e-07 0.060141 -0.2123 2.3868
22.291 1382 105.94 26174 1.4761 -1.1123e-07 0.060507 -0.2123 2.3868
23.154 1474.8 110.04 26050 1.4692 -3.4808e-07 0.061179 -0.2123 2.3868
24.112 1581.8 114.63 25912 1.4613 -2.3349e-07 0.061852 -0.2123 2.3868
24.798 1661.1 117.96 25813 1.4555 -1.3291e-06 0.062294 -0.2123 2.3868
24.976 1682 118.82 25788 1.454 -1.3073e-06 0.062404 -0.2123 2.3868
25.413 1734 120.96 25725 1.4502 -3.737e-07 0.062664 -0.2123 2.3868
26.276 1839.5 125.22 25600 1.4426 -4.3883e-07 0.063147 -0.2123 2.3868
27.234 1960.6 129.99 25462 1.4339 -4.389e-07 0.063637 -0.2123 2.3868
27.92 2050.1 133.45 25364 1.4275 -1.4784e-06 0.063963 -0.2123 2.3868
28.098 2073.7 134.36 25338 1.4259 -2.5727e-06 0.064044 -0.2123 2.3868
28.43 2118 136.04 25290 1.4228 -9.8216e-07 0.064192 -0.2123 2.3868
29.02 2198.3 139.07 25205 1.4172 -3.0105e-07 0.064445 -0.2123 2.3869
29.521 2267.8 141.65 25133 1.4124 -2.3748e-06 0.06465 -0.2123 2.3869
29.659 2287.2 142.37 25113 1.411 -2.4739e-06 0.064706 -0.2123 2.3869
29.991 2334 144.09 25065 1.4078 -9.0409e-07 0.064835 -0.2123 2.3869
30.581 2418.8 147.18 24980 1.4021 -3.6721e-07 0.065057 -0.2123 2.3869
31.082 2492.1 149.82 24908 1.3972 -2.216e-06 0.065238 -0.2123 2.3869
31.22 2512.6 150.55 24888 1.3958 -2.1459e-06 0.065287 -0.2123 2.3869
31.657 2577.7 152.87 24826 1.3915 -6.2525e-07 0.065437 -0.2123 2.3869
32.521 2709.5 157.51 24701 1.3829 -4.6944e-07 0.06572 -0.2123 2.3869
33.478 2860 162.71 24563 1.3732 -2.2855e-07 0.066014 -0.2123 2.3869
34.164 2970.6 166.49 24465 1.3663 -1.0853e-06 0.066213 -0.2123 2.3869
34.343 2999.8 167.48 24439 1.3645 -1.9063e-06 0.066263 -0.2123 2.3869
34.779 3071.8 169.9 24376 1.36 -3.2152e-07 0.066384 -0.2123 2.3869
35.643 3217.2 174.76 24252 1.3512 -2.3901e-07 0.066612 -0.2123 2.3869
36.6 3382.9 180.21 24114 1.3414 -1.1295e-07 0.066852 -0.2123 2.3869
37.286 3504.5 184.17 24015 1.3344 -1.0132e-06 0.067015 -0.2123 2.3869
37.465 3536.5 185.21 23990 1.3326 -1.1379e-06 0.067056 -0.2123 2.3869
37.875 3610.8 187.59 23931 1.3283 -5.7353e-07 0.06715 -0.2123 2.3869
38.732 3768.9 192.67 23807 1.3196 -4.9105e-08 0.067339 -0.2123 2.3869
39.804 3971.9 199.05 23653 1.3086 -2.2926e-07 0.067563 -0.2123 2.3869
40.803 4166.7 205.32 23510 1.2991 -3.7796e-08 0.067761 -0.2123 2.3869
41.462 4298.2 209.6 23415 1.2932 -7.9166e-07 0.067887 -0.2123 2.3869
41.627 4331.7 210.58 23391 1.2915 -1.3837e-06 0.067918 -0.2123 2.3869
42.037 4415.1 213.08 23332 1.2872 -3.6678e-07 0.067994 -0.2123 2.3869
42.895 4592.7 218.88 23209 1.28 -1.3868e-07 0.068148 -0.21229 2.3869
43.967 4821 226.19 23055 1.2712 -1.637e-07 0.068333 -0.21229 2.387
44.966 5039.6 232.53 22911 1.2614 -4.0829e-08 0.068498 -0.21229 2.387
45.624 5186.6 237.01 22817 1.2557 -6.3551e-07 0.068603 -0.21229 2.387
45.79 5224.1 238.02 22793 1.254 -1.052e-06 0.068629 -0.21229 2.387
46.2 5317.3 240.66 22734 1.25 -3.2723e-07 0.068693 -0.21229 2.387
47.058 5515.2 246.41 22611 1.2422 -7.3834e-08 0.068823 -0.21229 2.387
48.13 5768.5 253.65 22456 1.2324 -3.5457e-07 0.068981 -0.21229 2.387
49.128 6010.1 260.21 22313 1.2227 -2.2402e-07 0.069123 -0.21229 2.387
49.787 6172.4 264.64 22218 1.2165 -6.8599e-07 0.069213 -0.21229 2.387
49.953 6213.6 265.72 22195 1.2148 -1.3715e-06 0.069236 -0.21229 2.387
50.389 6322.8 268.6 22132 1.2105 -1.9246e-07 0.069295 -0.21229 2.387
51.253 6541.8 274.31 22008 1.2019 -3.8404e-07 0.069408 -0.21229 2.387
52.21 6789.2 280.63 21870 1.1921 -4.8948e-07 0.069531 -0.21229 2.3871
52.897 6969.3 285.14 21772 1.185 -9.4154e-07 0.069617 -0.21229 2.3871
53.075 7016.5 286.31 21746 1.1831 -2.1545e-06 0.069639 -0.21229 2.3871
53.406 7104.6 288.48 21698 1.1796 -9.2995e-07 0.069679 -0.21228 2.3871
53.997 7262.9 292.33 21614 1.1732 -4.8045e-07 0.069751 -0.21228 2.3871
54.498 7398.5 295.58 21542 1.1677 -2.386e-06 0.06981 -0.21228 2.3871
54.636 7436.1 296.48 21522 1.1661 -2.8607e-06 0.069827 -0.21228 2.3871
54.802 7481.3 297.54 21498 1.1642 -2.8266e-06 0.069846 -0.21228 2.3871
55.097 7562.2 299.44 21456 1.1609 -2.3185e-06 0.06988 -0.21228 2.3871
55.347 7631.1 301.05 21420 1.158 -1.3252e-06 0.069909 -0.21228 2.3871
55.416 7650.2 301.49 21410 1.1572 -9.5573e-07 0.069917 -0.21228 2.3871
55.582 7696 302.55 21386 1.1553 -5.705e-07 0.069936 -0.21228 2.3871
55.877 7777.9 304.44 21344 1.1518 -2.0867e-06 0.06997 -0.21228 2.3871
56.128 7847.7 306.03 21308 1.1489 -5.2454e-06 0.069998 -0.21228 2.3871
56.197 7867 306.47 21298 1.148 -6.2123e-06 0.070006 -0.21228 2.3871
56.633 7989.4 309.24 21235 1.1428 -4.2995e-07 0.070055 -0.21228 2.3871
57.497 8233.9 314.67 21111 1.1321 -1.6969e-05 0.07015 -0.21228 2.3872
58.455 8508.5 320.61 20974 1.1198 -0.0003953 0.070253 -0.21228 2.3872
59.141 8707.3 324.84 20875 1.1105 -0.0009894 0.070325 -0.21228 2.3872
59.319 8759.3 325.94 20850 1.108 -0.0011662 0.070343 -0.21228 2.3872
59.982 8953.4 330.01 20754 1.0984 -0.002 0.070411 -0.21228 2.3872
61.163 9302.5 337.28 20585 1.0801 -0.0040288 0.07053 -0.21227 2.3872
62.164 9601.9 343.55 20441 1.0631 -0.0062971 0.070627 -0.21227 2.3873
62.441 9685.1 345.31 20402 1.0582 -0.0070115 0.070654 -0.21227 2.3873
62.772 9785 347.44 20354 1.0522 -0.0079113 0.070685 -0.21227 2.3873
63.363 9963.5 351.27 20269 1.0411 -0.0096376 0.070741 -0.21227 2.3873
63.864 10116 354.59 20197 1.0313 -0.011181 0.070787 -0.21227 2.3873
64.002 10158 355.52 20178 1.0286 -0.011601 0.0708 -0.21227 2.3873
64.333 10259 357.76 20130 1.0218 -0.012588 0.07083 -0.21227 2.3873
64.924 10439 361.82 20045 1.0095 -0.014219 0.070883 -0.21227 2.3874
65.425 10593 365.33 19974 0.99877 -0.015462 0.070928 -0.21227 2.3874
65.563 10635 366.31 19954 0.99575 -0.015788 0.07094 -0.21226 2.3874
66.226 10840 371.08 19859 0.98108 -0.017223 0.070998 -0.21226 2.3874
67.407 11205 379.88 19689 0.9542 -0.01926 0.071098 -0.21226 2.3874
68.408 11516 387.67 19546 0.93091 -0.020435 0.071182 -0.21226 2.3875
68.685 11602 389.88 19506 0.92445 -0.02068 0.071204 -0.21226 2.3875
69.348 11808 395.27 19411 0.90892 -0.021144 0.071258 -0.21226 2.3875
70.529 12177 405.23 19241 0.88137 -0.021573 0.071352 -0.21225 2.3876
71.53 12490 414.04 19098 0.85825 -0.021652 0.071431 -0.21225 2.3876
71.807 12577 416.53 19058 0.85193 -0.021676 0.071452 -0.21225 2.3876
72.47 12785 422.6 18963 0.83691 -0.021693 0.071503 -0.21225 2.3876
73.651 13156 433.81 18794 0.81062 -0.021617 0.071592 -0.21224 2.3877
74.653 13471 443.7 18650 0.78889 -0.021418 0.071666 -0.21224 2.3877
74.929 13558 446.49 18611 0.783 -0.021348 0.071687 -0.21224 2.3878
75.813 13837 455.61 18484 0.76447 -0.021161 0.071751 -0.21223 2.3878
77.387 14334 472.57 18258 0.73263 -0.021353 0.071865 -0.21223 2.3879
78.723 14756 487.71 18067 0.70653 -0.022399 0.07196 -0.21222 2.388
79.092 14873 492.01 18014 0.69942 -0.022848 0.071986 -0.21222 2.388
79.674 15057 498.91 17930 0.68829 -0.023686 0.072027 -0.21222 2.388
80.825 15423 512.97 17765 0.66639 -0.02584 0.072108 -0.21221 2.3881
82.102 15827 529.19 17582 0.64215 -0.029004 0.072196 -0.21221 2.3882
83.017 16117 541.23 17451 0.62468 -0.031769 0.072259 -0.2122 2.3882
83.255 16192 544.42 17417 0.62012 -0.032557 0.072276 -0.2122 2.3883
83.697 16332 550.41 17354 0.61159 -0.034096 0.072306 -0.2122 2.3883
84.484 16581 561.3 17241 0.59627 -0.037077 0.07236 -0.2122 2.3883
85.152 16791 570.76 17145 0.58312 -0.039848 0.072405 -0.21219 2.3884
85.336 16849 573.41 17119 0.57947 -0.040652 0.072418 -0.21219 2.3884
85.778 16987 579.83 17056 0.57065 -0.042647 0.072448 -0.21219 2.3884
86.565 17233 591.53 16943 0.55479 -0.046409 0.072502 -0.21218 2.3885
87.233 17441 601.73 16847 0.54119 -0.049659 0.072547 -0.21218 2.3886
87.417 17498 604.59 16821 0.53742 -0.05053 0.072559 -0.21218 2.3886
87.854 17633 611.44 16758 0.52849 -0.052537 0.072589 -0.21218 2.3886
88.717 17898 625.36 16634 0.51084 -0.056238 0.072647 -0.21217 2.3887
89.675 18189 641.37 16497 0.49149 -0.059893 0.072712 -0.21217 2.3888
90.361 18396 653.21 16399 0.47787 -0.062244 0.072759 -0.21216 2.3888
90.539 18450 656.33 16373 0.47437 -0.06281 0.072771 -0.21216 2.3889
90.976 18580 664.08 16311 0.46587 -0.064139 0.0728 -0.21216 2.3889
91.839 18837 679.79 16187 0.44941 -0.06649 0.072859 -0.21215 2.389
92.797 19118 697.78 16050 0.43172 -0.068661 0.072923 -0.21214 2.3891
93.483 19317 711.04 15951 0.41943 -0.069934 0.07297 -0.21214 2.3891
93.661 19369 714.53 15926 0.41629 -0.070227 0.072982 -0.21214 2.3892
94.098 19495 723.16 15863 0.40869 -0.070876 0.073012 -0.21214 2.3892
94.961 19741 740.6 15740 0.39403 -0.071883 0.073071 -0.21213 2.3893
95.919 20012 760.47 15602 0.37834 -0.072563 0.073136 -0.21212 2.3894
96.605 20204 775.04 15504 0.36745 -0.072775 0.073183 -0.21212 2.3895
96.783 20254 778.87 15479 0.36467 -0.072797 0.073195 -0.21211 2.3895
97.22 20374 788.32 15416 0.35795 -0.072812 0.073225 -0.21211 2.3896
98.083 20612 807.34 15292 0.34494 -0.072759 0.073285 -0.2121 2.3897
99.041 20871 828.91 15155 0.33094 -0.072777 0.073351 -0.21209 2.3898
99.727 21055 844.67 15057 0.32112 -0.072895 0.073399 -0.21209 2.3899
99.905 21103 848.8 15031 0.31859 -0.072928 0.073412 -0.21209 2.3899
100.34 21218 858.98 14969 0.31243 -0.073013 0.073442 -0.21208 2.3899
101.21 21445 879.42 14845 0.30035 -0.073109 0.073503 -0.21207 2.3901
102.16 21692 902.5 14708 0.2871 -0.07291 0.073571 -0.21206 2.3902
102.85 21866 919.29 14609 0.27768 -0.072489 0.073619 -0.21206 2.3903
103.03 21911 923.69 14584 0.27525 -0.072345 0.073632 -0.21206 2.3903
103.46 22020 934.52 14521 0.26929 -0.071924 0.073663 -0.21205 2.3904
104.33 22232 956.19 14398 0.25757 -0.070815 0.073725 -0.21204 2.3905
105.29 22463 980.58 14260 0.24464 -0.069148 0.073795 -0.21203 2.3906
105.97 22624 998.27 14162 0.23543 -0.067676 0.073845 -0.21202 2.3907
106.15 22665 1002.9 14137 0.23304 -0.067254 0.073858 -0.21202 2.3908
106.81 22817 1020.2 14042 0.22417 -0.065548 0.073906 -0.21201 2.3909
107.99 23080 1051.4 13873 0.20849 -0.061968 0.073993 -0.212 2.3911
109 23294 1078.2 13729 0.19533 -0.058385 0.074068 -0.21199 2.3912
109.27 23351 1085.7 13689 0.19173 -0.057308 0.074089 -0.21199 2.3913
109.6 23419 1094.7 13642 0.18744 -0.055974 0.074114 -0.21198 2.3913
110.19 23538 1110.8 13557 0.17989 -0.053463 0.074158 -0.21197 2.3914
110.69 23637 1124.5 13486 0.17358 -0.051231 0.074196 -0.21197 2.3915
110.83 23663 1128.4 13466 0.17186 -0.050615 0.074207 -0.21197 2.3916
111.16 23727 1137.6 13418 0.16776 -0.049167 0.074232 -0.21196 2.3916
111.75 23837 1154.1 13334 0.16057 -0.046718 0.074277 -0.21195 2.3917
112.26 23929 1168.2 13262 0.15459 -0.044784 0.074316 -0.21195 2.3918
112.39 23953 1172.1 13242 0.15296 -0.044269 0.074327 -0.21195 2.3918
113.06 24070 1191 13147 0.14523 -0.041942 0.074378 -0.21194 2.392
114.24 24267 1225.4 12978 0.13188 -0.038341 0.07447 -0.21192 2.3922
115.24 24423 1255.1 12834 0.12091 -0.035832 0.074549 -0.21191 2.3924
115.52 24465 1263.3 12795 0.11794 -0.035227 0.074571 -0.2119 2.3924
115.85 24513 1273.3 12747 0.1144 -0.03455 0.074598 -0.2119 2.3925
116.44 24597 1291.3 12663 0.10818 -0.033428 0.074645 -0.21189 2.3926
116.94 24666 1306.6 12591 0.10297 -0.032439 0.074685 -0.21188 2.3927
117.08 24684 1310.9 12571 0.10155 -0.032134 0.074697 -0.21188 2.3928
117.41 24728 1321.2 12524 0.098168 -0.031386 0.074723 -0.21187 2.3928
118 24803 1339.6 12439 0.092259 -0.029923 0.074771 -0.21186 2.393
118.5 24863 1355.3 12367 0.08738 -0.028541 0.074812 -0.21186 2.3931
118.64 24879 1359.7 12348 0.086058 -0.02814 0.074824 -0.21185 2.3931
119.3 24955 1380.8 12253 0.079885 -0.026076 0.074879 -0.21184 2.3932
120.48 25078 1418.8 12084 0.0697 -0.021856 0.074977 -0.21182 2.3935
121.48 25172 1451.4 11940 0.062062 -0.01773 0.075061 -0.21181 2.3937
121.76 25197 1460.4 11900 0.060145 -0.016502 0.075085 -0.2118 2.3938
121.91 25210 1465.4 11878 0.059119 -0.015803 0.075098 -0.2118 2.3938
122.24 25238 1476 11832 0.057068 -0.014303 0.075125 -0.21179 2.3939
122.64 25271 1489.2 11775 0.054697 -0.012355 0.07516 -0.21179 2.394
123.01 25301 1501.5 11721 0.052694 -0.010467 0.075192 -0.21178 2.3941
123.26 25321 1509.6 11686 0.05149 -0.0091845 0.075213 -0.21178 2.3941
123.32 25325 1511.7 11677 0.051202 -0.0088569 0.075219 -0.21178 2.3942
123.43 25334 1515.5 11660 0.050689 -0.0082508 0.075228 -0.21177 2.3942
123.68 25353 1523.6 11625 0.049661 -0.0069204 0.07525 -0.21177 2.3942
124.01 25378 1534.6 11578 0.04843 -0.0050966 0.075278 -0.21176 2.3943
124.36 25403 1546.1 11529 0.047278 -0.0031189 0.075309 -0.21176 2.3944
124.65 25425 1556 11486 0.046413 -0.0013857 0.075334 -0.21175 2.3945
124.84 25438 1562.3 11460 0.045925 -0.00027539 0.075351 -0.21175 2.3945
124.88 25441 1563.8 11453 0.045811 0 0.075355 -0.21175 2.3945
