time (s) altitude (m) velocity (m/s) mass (kg)trajectory angle (rad) angle of attack (rad) heading angle (rad) latitude (rad)
0 90 15 29388 1.5691 0 -0.48596 -0.2123 2.3868
0.29089 94.508 15.996 29346 1.5688 -8.8391e-09 -0.43221 -0.2123 2.3868
0.8667 104.29 17.983 29263 1.5684 -9.7465e-09 -0.34528 -0.2123 2.3868
1.5051 116.48 20.21 29171 1.5678 -1.8114e-08 -0.27312 -0.2123 2.3868
1.9625 126.09 21.82 29105 1.5672 -4.1445e-08 -0.23322 -0.2123 2.3868
2.0814 128.71 22.241 29088 1.5671 -1.9936e-07 -0.22415 -0.2123 2.3868
2.5233 138.89 23.813 29024 1.5665 -2.6583e-08 -0.19433 -0.2123 2.3868
3.3105 158.74 26.641 28911 1.5654 -3.9761e-08 -0.15341 -0.2123 2.3868
3.9783 177.34 29.071 28814 1.5643 -6.9001e-08 -0.12757 -0.2123 2.3868
4.1627 182.77 29.746 28788 1.564 -6.7767e-07 -0.12153 -0.2123 2.3868
4.6047 196.27 31.374 28724 1.5632 -8.4737e-08 -0.10863 -0.2123 2.3868
5.3918 222.12 34.302 28610 1.5615 -8.0549e-08 -0.090087 -0.2123 2.3868
6.0597 245.86 36.816 28514 1.56 -2.2276e-07 -0.077755 -0.2123 2.3868
6.2441 252.71 37.515 28488 1.5596 -1.1303e-06 -0.074789 -0.2123 2.3868
6.686 269.66 39.198 28424 1.5585 -1.5845e-07 -0.068322 -0.2123 2.3868
7.4732 301.71 42.226 28310 1.5564 -1.4941e-07 -0.058699 -0.2123 2.3868
8.141 330.77 44.823 28214 1.5545 -6.52e-07 -0.05204 -0.2123 2.3868
8.3254 339.1 45.545 28187 1.5539 -9.1656e-07 -0.050403 -0.2123 2.3868
9.2093 380.89 49.034 28060 1.5511 -1.3519e-07 -0.043542 -0.2123 2.3868
10.784 463.02 55.362 27833 1.5455 -2.2968e-07 -0.034428 -0.2123 2.3868
12.119 540.59 60.846 27640 1.5402 -3.3335e-07 -0.028821 -0.2123 2.3868
12.488 563.3 62.379 27587 1.5386 -4.1842e-06 -0.02753 -0.2123 2.3868
12.924 590.9 64.202 27524 1.5367 -8.695e-07 -0.026114 -0.2123 2.3868
13.788 647.89 67.845 27400 1.5328 -6.0578e-07 -0.023636 -0.2123 2.3868
14.746 714.76 71.933 27262 1.5281 -6.2159e-07 -0.021307 -0.2123 2.3868
15.432 765.07 74.893 27163 1.5246 -2.7005e-06 -0.019861 -0.2123 2.3868
15.61 778.48 75.666 27137 1.5237 -4.1428e-06 -0.019512 -0.2123 2.3868
15.828 795.07 76.615 27106 1.5225 -3.5798e-06 -0.019098 -0.2123 2.3868
16.26 828.52 78.501 27043 1.5202 -1.5601e-06 -0.018322 -0.2123 2.3868
16.739 866.57 80.604 26974 1.5175 -2.5138e-06 -0.017522 -0.2123 2.3868
17.082 894.43 82.118 26925 1.5156 -4.4606e-06 -0.016984 -0.2123 2.3868
17.171 901.76 82.513 26912 1.515 -4.3166e-06 -0.016849 -0.2123 2.3868
17.389 919.84 83.48 26881 1.5138 -3.6503e-06 -0.016526 -0.2123 2.3868
17.821 956.24 85.403 26818 1.5112 -1.6611e-06 -0.015918 -0.2123 2.3868
18.3 997.57 87.547 26749 1.5083 -2.8665e-06 -0.015288 -0.2123 2.3868
18.643 1027.8 89.091 26700 1.5061 -5.1322e-06 -0.014862 -0.2123 2.3868
18.732 1035.7 89.493 26687 1.5056 -5.1064e-06 -0.014755 -0.2123 2.3868
18.95 1055.3 90.479 26656 1.5042 -4.6786e-06 -0.014498 -0.2123 2.3868
19.382 1094.7 92.439 26594 1.5014 -3.4385e-06 -0.014013 -0.2123 2.3868
19.861 1139.4 94.624 26525 1.4982 -4.5622e-06 -0.013508 -0.2123 2.3868
20.204 1172.1 96.198 26475 1.4959 -5.7355e-06 -0.013165 -0.2123 2.3868
20.293 1180.6 96.607 26462 1.4953 -5.5352e-06 -0.013079 -0.2123 2.3868
20.625 1212.8 98.135 26414 1.4931 -4.3037e-06 -0.012766 -0.2123 2.3868
21.215 1271.4 100.87 26329 1.4889 -3.4307e-06 -0.012242 -0.2123 2.3868
21.716 1322.3 103.21 26257 1.4854 -5.5716e-06 -0.011826 -0.2123 2.3868
21.854 1336.6 103.86 26237 1.4844 -6.1851e-06 -0.011716 -0.2123 2.3868
22.186 1371.1 105.41 26190 1.4819 -5.6451e-06 -0.01146 -0.2123 2.3868
22.776 1433.9 108.2 26105 1.4775 -5.4689e-06 -0.011028 -0.2123 2.3868
23.277 1488.4 110.58 26032 1.4737 -6.8154e-06 -0.010684 -0.2123 2.3868
23.415 1503.7 111.25 26012 1.4727 -6.9416e-06 -0.010592 -0.2123 2.3868
23.747 1540.7 112.83 25965 1.4701 -6.3866e-06 -0.010379 -0.2123 2.3868
24.337 1607.8 115.67 25880 1.4654 -6.5913e-06 -0.010019 -0.2123 2.3868
24.838 1666 118.1 25807 1.4614 -8.1312e-06 -0.0097304 -0.2123 2.3868
24.976 1682.2 118.78 25788 1.4603 -8.3362e-06 -0.0096536 -0.2123 2.3868
25.308 1721.6 120.39 25740 1.4576 -7.4046e-06 -0.009474 -0.2123 2.3868
25.898 1793.1 123.29 25655 1.4527 -6.9015e-06 -0.0091693 -0.2123 2.3868
26.399 1855 125.77 25583 1.4485 -8.3311e-06 -0.0089248 -0.2123 2.3868
26.537 1872.3 126.45 25563 1.4474 -8.4378e-06 -0.0088595 -0.2123 2.3868
26.869 1914.2 128.1 25515 1.4446 -8.2353e-06 -0.0087065 -0.2123 2.3868
27.459 1990 131.06 25430 1.4395 -8.4685e-06 -0.0084461 -0.2123 2.3868
27.96 2055.7 133.58 25358 1.4351 -8.9997e-06 -0.0082363 -0.2123 2.3868
28.098 2074.1 134.28 25338 1.4339 -8.8669e-06 -0.0081802 -0.2123 2.3868
28.43 2118.4 135.97 25290 1.431 -7.8321e-06 -0.0080484 -0.2123 2.3868
29.02 2198.8 138.98 25205 1.4257 -7.2441e-06 -0.0078234 -0.2123 2.3868
29.521 2268.3 141.56 25133 1.4212 -8.2679e-06 -0.0076417 -0.2123 2.3869
29.659 2287.7 142.28 25113 1.42 -8.4598e-06 -0.0075929 -0.2123 2.3869
29.991 2334.6 144 25065 1.417 -8.7487e-06 -0.0074783 -0.2123 2.3869
30.581 2419.5 147.08 24980 1.4116 -1.0232e-05 -0.007282 -0.2123 2.3869
31.082 2492.8 149.71 24908 1.407 -1.0349e-05 -0.0071229 -0.2123 2.3869
31.22 2513.3 150.44 24888 1.4057 -9.5749e-06 -0.0070801 -0.2123 2.3869
31.448 2547.3 151.65 24856 1.4036 -8.0796e-06 -0.0070105 -0.2123 2.3869
31.941 2621.5 154.27 24785 1.399 -4.1201e-06 -0.0068646 -0.2123 2.3869
32.598 2722.5 157.8 24690 1.3929 0 -0.0066784 -0.2123 2.3869
33.29 2831.2 161.55 24590 1.3864 -2.3727e-06 -0.0064921 -0.2123 2.3869
33.88 2925.8 164.77 24506 1.3809 -7.7651e-06 -0.0063406 -0.2123 2.3869
34.251 2986.1 166.81 24452 1.3773 -9.4331e-06 -0.0062486 -0.2123 2.3869
34.342 3001.1 167.32 24439 1.3765 -9.2898e-06 -0.0062263 -0.2123 2.3869
34.65 3051.8 169.02 24395 1.3736 -8.0908e-06 -0.0061522 -0.2123 2.3869
35.293 3159.5 172.61 24302 1.3674 -3.2896e-06 -0.0060024 -0.2123 2.3869
36.097 3297.1 177.14 24187 1.3598 -1.1302e-06 -0.005824 -0.2123 2.3869
36.846 3428.3 181.41 24079 1.3526 -5.6987e-06 -0.0056658 -0.2123 2.3869
37.34 3516.4 184.25 24008 1.3479 -7.9561e-06 -0.0055656 -0.2123 2.3869
37.464 3538.8 184.97 23990 1.3467 -7.9808e-06 -0.0055408 -0.2123 2.3869
37.769 3593.9 186.73 23946 1.3438 -6.6124e-06 -0.005481 -0.2123 2.3869
38.425 3714.5 190.57 23852 1.3376 -2.0647e-06 -0.0053556 -0.2123 2.3869
39.302 3879 195.75 23726 1.3292 -1.0057e-06 -0.0051953 -0.2123 2.3869
40.224 4056.7 201.27 23593 1.3205 -7.4001e-07 -0.0050349 -0.2123 2.3869
41.011 4211.7 206.04 23480 1.3131 -2.2889e-06 -0.0049042 -0.2123 2.3869
41.505 4310.8 209.06 23409 1.3084 -6.282e-06 -0.0048248 -0.2123 2.3869
41.627 4335.5 209.81 23391 1.3073 -5.8965e-06 -0.0048054 -0.2123 2.3869
41.861 4383.1 211.25 23357 1.3051 -5.2294e-06 -0.0047687 -0.2123 2.3869
42.377 4489 214.44 23283 1.3003 -2.5316e-06 -0.0046893 -0.2123 2.3869
43.095 4638.7 218.92 23180 1.2936 -7.4018e-07 -0.004582 -0.2123 2.3869
43.905 4811 224.02 23064 1.2861 -1.0673e-06 -0.0044652 -0.2123 2.3869
44.683 4980.1 228.97 22952 1.2789 -7.2053e-07 -0.0043568 -0.2123 2.387
45.312 5119.1 233.01 22861 1.2731 -3.4692e-06 -0.0042719 -0.2123 2.387
45.696 5205 235.48 22806 1.2696 -4.8801e-06 -0.0042212 -0.2123 2.387
45.79 5226.1 236.08 22793 1.2688 -4.6904e-06 -0.0042089 -0.2123 2.387
46.024 5279 237.6 22759 1.2666 -3.9945e-06 -0.0041785 -0.2123 2.387
46.54 5396.8 240.95 22685 1.2619 -1.7791e-06 -0.0041124 -0.2123 2.387
47.258 5562.9 245.64 22582 1.2553 -5.9936e-07 -0.0040228 -0.2123 2.387
48.068 5753.8 250.95 22465 1.2479 -9.7365e-07 -0.0039247 -0.2123 2.387
48.846 5940.8 256.09 22354 1.2407 -5.6354e-07 -0.003833 -0.2123 2.387
49.475 6094.3 260.25 22263 1.2348 -2.9716e-06 -0.0037608 -0.2123 2.387
49.859 6189 262.8 22208 1.2312 -4.5426e-06 -0.0037176 -0.2123 2.387
49.953 6212.2 263.42 22195 1.2304 -4.4691e-06 -0.0037071 -0.2123 2.387
50.181 6268.9 264.93 22162 1.2282 -3.7878e-06 -0.0036818 -0.2123 2.387
50.673 6392.5 268.2 22091 1.2236 -1.5538e-06 -0.0036277 -0.2123 2.387
51.33 6559.4 272.56 21997 1.2173 -8.0893e-07 -0.0035569 -0.2123 2.387
52.023 6737.7 277.15 21897 1.2106 -6.3391e-07 -0.003484 -0.2123 2.387
52.612 6891.5 281.05 21813 1.2048 -1.7981e-06 -0.0034231 -0.2123 2.3871
52.983 6989.2 283.5 21759 1.2011 -3.7799e-06 -0.0033854 -0.2123 2.3871
53.075 7013.4 284.1 21746 1.2001 -3.6009e-06 -0.0033762 -0.2123 2.3871
53.293 7071.3 285.53 21715 1.1979 -2.8357e-06 -0.0033542 -0.2123 2.3871
53.725 7186.6 288.37 21653 1.1935 -1.712e-06 -0.0033113 -0.2123 2.3871
54.203 7315.6 291.5 21584 1.1885 -4.343e-06 -0.0032643 -0.2123 2.3871
54.546 7408.6 293.73 21535 1.1849 -6.7217e-06 -0.003231 -0.2123 2.3871
54.636 7432.9 294.31 21522 1.1839 -6.8038e-06 -0.0032224 -0.2123 2.3871
54.801 7478.1 295.39 21498 1.1822 -7.3023e-06 -0.0032065 -0.2123 2.3871
55.097 7559 297.3 21456 1.179 -5.9284e-06 -0.0031784 -0.2123 2.3871
55.347 7628 298.91 21420 1.1762 -1.9582e-06 -0.0031547 -0.2123 2.3871
55.416 7647.1 299.36 21410 1.1755 -1.0513e-06 -0.0031481 -0.2123 2.3871
55.582 7692.9 300.43 21386 1.1736 -1.2011e-06 -0.0031326 -0.2123 2.3871
55.877 7774.9 302.32 21344 1.1703 -2.1098e-05 -0.003105 -0.2123 2.3871
56.128 7844.8 303.92 21308 1.1675 -6.8527e-05 -0.0030818 -0.2123 2.3871
56.197 7864.1 304.36 21298 1.1667 -8.7136e-05 -0.0030755 -0.2123 2.3871
56.86 8050.6 308.57 21203 1.159 -0.00038148 -0.003015 -0.2123 2.3871
58.04 8387.4 315.96 21033 1.1442 -0.0014485 -0.0029098 -0.2123 2.3872
59.042 8677.5 322.16 20889 1.1304 -0.0029012 -0.0028232 -0.2123 2.3872
59.319 8758.2 323.87 20850 1.1263 -0.00339 -0.0027996 -0.2123 2.3872
59.982 8952.8 327.96 20755 1.1162 -0.0047158 -0.0027439 -0.2123 2.3872
61.162 9302.9 335.3 20585 1.0965 -0.0076277 -0.0026471 -0.2123 2.3872
62.164 9603.2 341.66 20441 1.0782 -0.010628 -0.0025672 -0.2123 2.3873
62.441 9686.5 343.44 20402 1.0728 -0.011531 -0.0025455 -0.2123 2.3873
63.022 9862.5 347.25 20318 1.0611 -0.01343 -0.0025003 -0.2123 2.3873
64.174 10213 355 20153 1.0365 -0.016811 -0.0024128 -0.2123 2.3873
65.451 10605 363.94 19970 1.0075 -0.019784 -0.0023186 -0.2123 2.3873
66.366 10887 370.58 19839 0.98575 -0.021436 -0.0022528 -0.2123 2.3874
66.603 10960 372.33 19804 0.98001 -0.021789 -0.0022359 -0.2123 2.3874
67.487 11234 379.01 19678 0.95845 -0.022922 -0.0021737 -0.2123 2.3874
69.062 11723 391.48 19452 0.91961 -0.023995 -0.0020655 -0.2123 2.3875
70.397 12140 402.69 19260 0.88686 -0.024011 -0.0019758 -0.2123 2.3875
70.766 12255 405.88 19207 0.87793 -0.023936 -0.0019514 -0.2123 2.3875
71.65 12531 413.73 19081 0.85678 -0.023702 -0.0018933 -0.2123 2.3876
73.224 13024 428.37 18855 0.82012 -0.023144 -0.0017913 -0.2123 2.3876
74.56 13442 441.48 18663 0.79018 -0.022687 -0.001706 -0.2123 2.3877
74.929 13558 445.21 18611 0.78211 -0.022607 -0.0016827 -0.2123 2.3877
75.813 13835 454.36 18484 0.7631 -0.022516 -0.0016269 -0.2123 2.3878
77.387 14330 471.37 18258 0.73024 -0.023138 -0.0015284 -0.2123 2.3879
78.723 14750 486.55 18067 0.70307 -0.024656 -0.0014454 -0.2123 2.3879
79.092 14866 490.87 18014 0.69564 -0.02521 -0.0014226 -0.2123 2.388
79.673 15049 497.78 17930 0.68395 -0.026229 -0.0013867 -0.21231 2.388
80.825 15411 511.86 17765 0.66087 -0.028733 -0.0013157 -0.21231 2.3881
82.102 15812 528.1 17582 0.63515 -0.032297 -0.0012372 -0.21231 2.3882
83.017 16098 540.15 17451 0.61654 -0.035338 -0.0011811 -0.21231 2.3882
83.254 16172 543.34 17417 0.61166 -0.036201 -0.0011665 -0.21231 2.3882
83.696 16310 549.33 17354 0.60255 -0.037865 -0.0011394 -0.21231 2.3883
84.483 16555 560.23 17241 0.58616 -0.041064 -0.0010911 -0.21231 2.3883
85.151 16761 569.71 17145 0.57208 -0.044021 -0.0010501 -0.21231 2.3884
85.336 16818 572.37 17119 0.56816 -0.044867 -0.0010388 -0.21231 2.3884
85.778 16954 578.81 17056 0.55873 -0.046934 -0.0010116 -0.21231 2.3884
86.565 17194 590.55 16943 0.54179 -0.050635 -0.00096318 -0.21231 2.3885
87.233 17397 600.79 16847 0.52735 -0.053635 -0.00092204 -0.21231 2.3885
87.417 17453 603.67 16821 0.52337 -0.054415 -0.00091067 -0.21231 2.3886
87.999 17628 612.88 16737 0.51082 -0.056818 -0.00087476 -0.21231 2.3886
89.15 17970 631.77 16572 0.48628 -0.061089 -0.00080345 -0.21231 2.3887
90.427 18344 653.74 16389 0.45985 -0.065031 -0.00072401 -0.21231 2.3888
91.342 18608 670.16 16258 0.44156 -0.067376 -0.00066681 -0.21231 2.3889
91.58 18676 674.51 16224 0.43691 -0.067908 -0.0006519 -0.21231 2.3889
92.464 18926 691.04 16097 0.41997 -0.069666 -0.00059629 -0.21231 2.389
94.038 19365 721.73 15872 0.39127 -0.071824 -0.0004965 -0.21231 2.3892
95.374 19729 748.98 15680 0.36838 -0.072709 -0.00041102 -0.21231 2.3893
95.742 19828 756.7 15628 0.36229 -0.072816 -0.00038727 -0.21231 2.3894
96.184 19946 766.05 15564 0.35512 -0.072899 -0.00035873 -0.21231 2.3894
96.972 20154 783 15452 0.34267 -0.072963 -0.00030765 -0.21231 2.3895
97.639 20329 797.65 15356 0.3324 -0.072966 -0.00026407 -0.21231 2.3896
97.824 20377 801.74 15329 0.32961 -0.07297 -0.00025199 -0.21231 2.3896
98.266 20491 811.63 15266 0.32298 -0.07298 -0.00022297 -0.21231 2.3897
99.053 20693 829.49 15153 0.3114 -0.073038 -0.00017102 -0.21231 2.3898
99.721 20862 844.9 15058 0.30175 -0.073128 -0.00012665 -0.21231 2.3899
99.905 20908 849.19 15031 0.29911 -0.073153 -0.00011436 -0.21231 2.3899
100.79 21127 870.02 14905 0.28656 -0.073238 -5.5139e-05 -0.21231 2.39
102.36 21508 908.05 14679 0.26456 -0.072834 5.1559e-05 -0.21231 2.3902
103.7 21820 941.21 14488 0.24614 -0.071584 0.00014338 -0.21231 2.3904
104.07 21904 950.5 14435 0.24109 -0.071077 0.00016894 -0.21231 2.3905
104.65 22035 965.27 14352 0.23314 -0.070156 0.00020947 -0.21231 2.3905
105.8 22287 994.9 14187 0.21748 -0.06784 0.00029042 -0.21231 2.3907
107.08 22554 1028.3 14004 0.20021 -0.064489 0.00038133 -0.21231 2.3909
107.99 22738 1052.6 13873 0.18792 -0.061598 0.00044723 -0.21231 2.3911
108.23 22784 1058.9 13838 0.18474 -0.060775 0.00046446 -0.21231 2.3911
108.81 22896 1074.5 13755 0.177 -0.058665 0.00050682 -0.21231 2.3912
109.96 23108 1105.8 13590 0.16189 -0.053957 0.00059146 -0.21231 2.3914
111.24 23327 1141 13407 0.14568 -0.048291 0.00068659 -0.21231 2.3916
112.16 23475 1166.7 13276 0.1345 -0.044552 0.00075557 -0.21231 2.3918
112.39 23511 1173.5 13242 0.13165 -0.043678 0.00077361 -0.21231 2.3918
113.28 23644 1198.8 13116 0.12126 -0.040603 0.00084112 -0.21231 2.392
114.85 23859 1245 12890 0.10346 -0.036124 0.00096307 -0.21231 2.3923
116.19 24021 1285.2 12699 0.088974 -0.033228 0.0010683 -0.2123 2.3926
116.56 24063 1296.4 12646 0.08506 -0.032529 0.0010976 -0.2123 2.3927
117.14 24125 1314.3 12562 0.078968 -0.031375 0.0011442 -0.2123 2.3928
118.29 24237 1350.3 12397 0.067301 -0.028611 0.0012372 -0.2123 2.393
119.57 24344 1390.8 12215 0.055244 -0.024743 0.0013419 -0.2123 2.3933
120.48 24410 1420.3 12084 0.047387 -0.021501 0.0014179 -0.2123 2.3935
120.72 24425 1428 12049 0.045474 -0.020577 0.0014378 -0.2123 2.3936
121.16 24453 1442.3 11986 0.042078 -0.0188 0.0014749 -0.2123 2.3937
121.95 24498 1467.9 11873 0.036604 -0.015393 0.0015415 -0.2123 2.3939
122.62 24532 1489.7 11778 0.032617 -0.01226 0.0015985 -0.2123 2.394
122.8 24541 1495.8 11751 0.031635 -0.011356 0.0016143 -0.2123 2.3941
122.9 24546 1499.1 11737 0.031113 -0.010846 0.0016231 -0.2123 2.3941
123.12 24556 1506.2 11706 0.030078 -0.0097632 0.0016415 -0.2123 2.3941
123.38 24568 1515 11668 0.028895 -0.0083775 0.0016647 -0.2123 2.3942
123.63 24578 1523.2 11632 0.027915 -0.0070544 0.0016863 -0.2123 2.3943
123.8 24585 1528.6 11608 0.027328 -0.0061647 0.0017006 -0.2123 2.3943
123.84 24587 1530 11602 0.027184 -0.0059388 0.0017042 -0.2123 2.3943
124.06 24596 1537.3 11571 0.02646 -0.0047213 0.0017234 -0.2123 2.3944
124.46 24612 1550.4 11514 0.025331 -0.0024913 0.0017577 -0.2123 2.3945
124.79 24625 1561.6 11466 0.024539 -0.00054293 0.001787 -0.2123 2.3945
124.88 24628 1564.7 11453 0.024347 0 0.0017951 -0.2123 2.3946
