time (s) altitude (m) velocity (m/s) mass (kg)trajectory angle (rad) angle of attack (rad) heading angle (rad) latitude (rad)
0 90 15 29388 1.5691 0 -0.51105 -0.2123 2.3868
0.20509 93.148 15.702 29359 1.5689 -1.2905e-07 -0.47336 -0.2123 2.3868
0.63385 100.2 17.177 29297 1.5686 -9.7708e-08 -0.40522 -0.2123 2.3868
1.1698 109.9 19.037 29219 1.5681 -1.5005e-07 -0.33732 -0.2123 2.3868
1.6692 119.84 20.786 29147 1.5676 -2.349e-07 -0.28774 -0.2123 2.3868
1.9985 126.88 21.948 29100 1.5672 -7.8664e-07 -0.26077 -0.2123 2.3868
2.0814 128.71 22.241 29088 1.5671 -1.2552e-06 -0.2546 -0.2123 2.3868
2.3023 133.71 23.026 29056 1.5669 -6.3221e-07 -0.23919 -0.2123 2.3868
2.6959 143.05 24.43 28999 1.5664 -3.8742e-07 -0.21519 -0.2123 2.3868
3.0298 151.41 25.629 28951 1.5659 -1.7843e-06 -0.19775 -0.2123 2.3868
3.122 153.79 25.961 28938 1.5658 -2.0208e-06 -0.19334 -0.2123 2.3868
3.343 159.61 26.76 28906 1.5654 -8.5915e-07 -0.18343 -0.2123 2.3868
3.7366 170.42 28.189 28849 1.5648 -7.4103e-07 -0.16781 -0.2123 2.3868
4.0705 180.04 29.409 28801 1.5642 -2.7796e-06 -0.1563 -0.2123 2.3868
4.1627 182.77 29.747 28788 1.5641 -2.8764e-06 -0.15337 -0.2123 2.3868
4.3837 189.43 30.559 28756 1.5637 -1.3588e-06 -0.14673 -0.2123 2.3868
4.7773 201.74 32.014 28699 1.5629 -1.2011e-06 -0.13616 -0.2123 2.3868
5.1112 212.64 33.255 28651 1.5623 -3.8594e-06 -0.12827 -0.2123 2.3868
5.2034 215.72 33.599 28638 1.5621 -4.0445e-06 -0.12625 -0.2123 2.3868
5.4244 223.24 34.425 28606 1.5616 -2.525e-06 -0.12165 -0.2123 2.3868
5.818 237.08 35.904 28549 1.5608 -1.7239e-06 -0.11424 -0.2123 2.3868
6.1519 249.28 37.167 28501 1.56 -4.0898e-06 -0.10865 -0.2123 2.3868
6.2441 252.72 37.516 28488 1.5598 -4.4217e-06 -0.1072 -0.2123 2.3868
6.686 269.67 39.2 28424 1.5587 -2.0283e-06 -0.10083 -0.2123 2.3868
7.4732 301.71 42.227 28310 1.5567 -1.1776e-06 -0.091338 -0.2123 2.3868
8.1411 330.78 44.825 28214 1.5548 -6.3817e-06 -0.084781 -0.2123 2.3868
8.3254 339.11 45.547 28187 1.5542 -7.1849e-06 -0.08317 -0.2123 2.3868
8.7674 359.62 47.285 28124 1.5529 -2.9377e-06 -0.079608 -0.2123 2.3868
9.5545 398.06 50.411 28010 1.5504 -2.3199e-06 -0.07417 -0.2123 2.3868
10.222 432.61 53.091 27914 1.5481 -9.6248e-06 -0.0703 -0.2123 2.3868
10.407 442.47 53.836 27887 1.5474 -1.0206e-05 -0.069333 -0.2123 2.3868
10.849 466.65 55.629 27824 1.5458 -4.7343e-06 -0.067173 -0.2123 2.3868
11.636 511.69 58.851 27710 1.5428 -3.981e-06 -0.063807 -0.2123 2.3868
12.304 551.9 61.614 27614 1.5401 -1.2678e-05 -0.061357 -0.2123 2.3868
12.488 563.32 62.381 27587 1.5393 -1.2818e-05 -0.060737 -0.2123 2.3868
13.151 605.57 65.156 27492 1.5365 -4.9409e-06 -0.058685 -0.2123 2.3868
14.332 685.39 70.161 27321 1.5311 -3.4203e-06 -0.055612 -0.2123 2.3868
15.334 757.77 74.469 27177 1.5262 -1.5642e-05 -0.053471 -0.2123 2.3868
15.61 778.51 75.668 27137 1.5248 -1.7776e-05 -0.052942 -0.2123 2.3868
15.942 803.8 77.11 27089 1.523 -1.6742e-05 -0.05234 -0.2123 2.3868
16.532 850.03 79.694 27004 1.5199 -1.8871e-05 -0.051346 -0.2123 2.3868
17.033 890.45 81.902 26932 1.5171 -2.4986e-05 -0.050573 -0.2123 2.3868
17.171 901.8 82.514 26912 1.5163 -2.6245e-05 -0.05037 -0.2123 2.3868
17.503 929.35 83.985 26864 1.5144 -2.6974e-05 -0.049902 -0.2123 2.3868
18.093 979.63 86.619 26779 1.511 -2.7588e-05 -0.049124 -0.2123 2.3868
18.594 1023.5 88.87 26707 1.508 -3.0557e-05 -0.048516 -0.2123 2.3868
18.732 1035.8 89.493 26687 1.5071 -3.1702e-05 -0.048356 -0.2123 2.3868
19.064 1065.7 90.993 26639 1.5051 -3.2715e-05 -0.047985 -0.2123 2.3868
19.654 1120 93.678 26554 1.5013 -3.7361e-05 -0.047367 -0.2123 2.3868
20.155 1167.4 95.971 26482 1.498 -4.6535e-05 -0.04688 -0.2123 2.3868
20.293 1180.7 96.607 26462 1.4971 -4.9489e-05 -0.046752 -0.2123 2.3868
20.625 1212.9 98.134 26414 1.4949 -5.536e-05 -0.046453 -0.2123 2.3868
21.215 1271.4 100.87 26329 1.4909 -6.5114e-05 -0.045953 -0.2123 2.3868
21.716 1322.4 103.21 26257 1.4874 -7.1025e-05 -0.045558 -0.2123 2.3868
21.854 1336.6 103.86 26237 1.4864 -7.1661e-05 -0.045453 -0.2123 2.3868
22.186 1371.2 105.41 26190 1.484 -7.1864e-05 -0.04521 -0.2123 2.3868
22.776 1434 108.2 26105 1.4797 -7.3979e-05 -0.0448 -0.2123 2.3868
23.277 1488.6 110.58 26032 1.476 -8.1819e-05 -0.044474 -0.2123 2.3868
23.415 1503.8 111.24 26012 1.475 -8.5099e-05 -0.044388 -0.2123 2.3868
23.747 1540.8 112.83 25965 1.4725 -9.6202e-05 -0.044186 -0.2123 2.3868
24.337 1607.9 115.67 25880 1.4679 -0.00011861 -0.043846 -0.2123 2.3868
24.838 1666.1 118.1 25807 1.464 -0.00012853 -0.043575 -0.2123 2.3868
24.976 1682.4 118.77 25788 1.4629 -0.00012851 -0.043502 -0.2123 2.3868
25.639 1761.7 122.01 25692 1.4576 -0.00012088 -0.043171 -0.2123 2.3868
26.82 1908.2 127.85 25522 1.4479 -0.00010915 -0.042635 -0.2123 2.3868
27.822 2037.7 132.88 25378 1.4394 -0.00011606 -0.042228 -0.2123 2.3868
28.098 2074.4 134.27 25338 1.437 -0.00011636 -0.042123 -0.2123 2.3868
28.761 2163.7 137.65 25242 1.4313 -9.8418e-05 -0.041881 -0.2123 2.3868
29.942 2328 143.73 25072 1.4209 -7.0477e-05 -0.041486 -0.2123 2.3869
30.944 2472.9 148.96 24928 1.412 -6.4849e-05 -0.041182 -0.2123 2.3869
31.22 2513.7 150.42 24888 1.4095 -6.2153e-05 -0.041102 -0.2123 2.3869
31.883 2613.3 153.93 24793 1.4035 -3.8941e-05 -0.040919 -0.2123 2.3869
33.064 2796 160.28 24623 1.3927 -1.6589e-05 -0.040616 -0.2123 2.3869
34.066 2956.6 165.75 24479 1.3835 -3.7863e-05 -0.040379 -0.2123 2.3869
34.342 3001.8 167.27 24439 1.3809 -4.6101e-05 -0.040317 -0.2123 2.3869
34.674 3056.5 169.1 24391 1.3778 -4.866e-05 -0.040244 -0.2123 2.3869
35.264 3155.4 172.39 24306 1.3723 -4.7953e-05 -0.040119 -0.2123 2.3869
35.765 3240.7 175.2 24234 1.3677 -4.3971e-05 -0.040016 -0.2123 2.3869
35.903 3264.5 175.98 24214 1.3664 -4.2778e-05 -0.039988 -0.2123 2.3869
36.235 3321.9 177.86 24167 1.3633 -3.8639e-05 -0.039923 -0.2123 2.3869
36.825 3425.6 181.22 24082 1.3578 -3.3254e-05 -0.03981 -0.2123 2.3869
37.326 3514.9 184.1 24010 1.3531 -3.0604e-05 -0.039717 -0.2123 2.3869
37.464 3539.9 184.9 23990 1.3519 -2.9456e-05 -0.039692 -0.2123 2.3869
37.796 3600 186.82 23942 1.3488 -2.5601e-05 -0.039633 -0.2123 2.3869
38.386 3708.5 190.26 23857 1.3433 -2.1552e-05 -0.03953 -0.2123 2.3869
38.887 3802 193.2 23785 1.3387 -2.1568e-05 -0.039446 -0.2123 2.3869
39.025 3828 194.02 23765 1.3374 -2.1366e-05 -0.039424 -0.2123 2.3869
39.357 3890.9 195.98 23718 1.3343 -2.085e-05 -0.03937 -0.21231 2.3869
39.947 4004.3 199.5 23633 1.3289 -2.1314e-05 -0.039276 -0.21231 2.3869
40.448 4102 202.51 23561 1.3243 -2.1079e-05 -0.0392 -0.21231 2.3869
40.586 4129.2 203.35 23541 1.323 -2.0296e-05 -0.039179 -0.21231 2.3869
40.918 4194.9 205.36 23493 1.32 -1.7319e-05 -0.039129 -0.21231 2.3869
41.508 4313.2 208.96 23408 1.3146 -1.406e-05 -0.039044 -0.21231 2.3869
42.009 4415.2 212.03 23336 1.31 -1.2952e-05 -0.038973 -0.21231 2.3869
42.148 4443.6 212.89 23316 1.3088 -1.2408e-05 -0.038954 -0.21231 2.3869
42.479 4512 214.94 23269 1.3058 -1.1587e-05 -0.038908 -0.21231 2.3869
43.069 4635.4 218.62 23184 1.3004 -1.4319e-05 -0.038829 -0.21231 2.3869
43.57 4741.7 221.76 23112 1.2959 -1.893e-05 -0.038764 -0.21231 2.3869
43.709 4771.2 222.63 23092 1.2947 -1.9657e-05 -0.038746 -0.21231 2.3869
43.862 4804.2 223.6 23070 1.2933 -1.988e-05 -0.038726 -0.21231 2.3869
44.184 4873.7 225.63 23024 1.2904 -1.9412e-05 -0.038686 -0.21231 2.3869
44.586 4961.3 228.18 22966 1.2868 -1.8865e-05 -0.038636 -0.21231 2.3869
44.96 5043.7 230.57 22912 1.2834 -1.9524e-05 -0.03859 -0.21231 2.387
45.207 5098.5 232.15 22876 1.2812 -1.9902e-05 -0.03856 -0.21231 2.387
45.27 5112.3 232.55 22868 1.2807 -1.9927e-05 -0.038553 -0.21231 2.387
45.423 5146.7 233.54 22845 1.2793 -2.0063e-05 -0.038535 -0.21231 2.387
45.745 5218.9 235.61 22799 1.2764 -2e-05 -0.038497 -0.21231 2.387
46.147 5310 238.2 22741 1.2729 -2.0418e-05 -0.03845 -0.21231 2.387
46.521 5395.6 240.63 22688 1.2695 -2.1293e-05 -0.038407 -0.21231 2.387
46.768 5452.6 242.23 22652 1.2673 -2.0346e-05 -0.038379 -0.21231 2.387
46.831 5466.9 242.64 22643 1.2668 -1.9796e-05 -0.038372 -0.21231 2.387
47.006 5507.7 243.78 22618 1.2652 -1.7818e-05 -0.038353 -0.21231 2.387
47.393 5598.1 246.31 22562 1.2618 -1.171e-05 -0.03831 -0.21231 2.387
47.931 5725.2 249.83 22485 1.257 -5.2945e-06 -0.038252 -0.21231 2.387
48.539 5870.5 253.82 22398 1.2515 -5.1612e-06 -0.038188 -0.21231 2.387
49.123 6012.2 257.67 22314 1.2463 -9.5905e-06 -0.038128 -0.21231 2.387
49.595 6128 260.79 22246 1.242 -1.4375e-05 -0.03808 -0.21231 2.387
49.882 6199.3 262.69 22205 1.2394 -1.5177e-05 -0.038051 -0.21231 2.387
49.953 6216.8 263.16 22195 1.2388 -1.4851e-05 -0.038044 -0.21231 2.387
50.284 6299.5 265.35 22147 1.2358 -1.2067e-05 -0.038011 -0.21231 2.387
50.874 6448.4 269.26 22062 1.2303 -9.3552e-06 -0.037954 -0.21231 2.387
51.375 6576.2 272.57 21990 1.2257 -1.1977e-05 -0.037906 -0.21231 2.387
51.514 6611.7 273.49 21970 1.2244 -1.2423e-05 -0.037893 -0.21231 2.387
51.845 6697.3 275.68 21923 1.2213 -9.6733e-06 -0.037862 -0.21231 2.387
52.435 6851.1 279.58 21838 1.2156 -8.1324e-06 -0.037808 -0.21231 2.387
52.936 6983.1 282.88 21766 1.2108 -1.7974e-05 -0.037762 -0.21231 2.3871
53.075 7019.8 283.78 21746 1.2094 -2.2277e-05 -0.03775 -0.21231 2.3871
53.24 7063.8 284.87 21722 1.2078 -2.5861e-05 -0.037735 -0.21231 2.3871
53.536 7142.7 286.81 21680 1.2049 -2.9752e-05 -0.037709 -0.21231 2.3871
53.786 7209.9 288.44 21644 1.2024 -2.9571e-05 -0.037687 -0.21231 2.3871
53.855 7228.5 288.89 21634 1.2017 -2.9e-05 -0.037681 -0.21231 2.3871
54.021 7273.2 289.97 21610 1.2 -2.6973e-05 -0.037667 -0.21231 2.3871
54.316 7353.2 291.9 21568 1.197 -2.0205e-05 -0.037641 -0.21231 2.3871
54.567 7421.4 293.52 21532 1.1944 -1.1985e-05 -0.03762 -0.21231 2.3871
54.636 7440.3 293.97 21522 1.1937 -9.7424e-06 -0.037614 -0.21231 2.3871
54.854 7500.1 295.38 21491 1.1914 -4.0239e-06 -0.037595 -0.21231 2.3871
55.286 7619 298.17 21429 1.1868 -2.8753e-05 -0.037559 -0.21231 2.3871
55.765 7751.9 301.24 21360 1.1816 -0.00015488 -0.037519 -0.21231 2.3871
56.108 7847.8 303.42 21311 1.1778 -0.0003157 -0.037491 -0.21231 2.3871
56.197 7872.8 303.99 21298 1.1768 -0.00036611 -0.037483 -0.21231 2.3871
56.86 8059.9 308.17 21203 1.1691 -0.00086588 -0.03743 -0.21231 2.3871
58.04 8397.7 315.53 21033 1.1542 -0.0022966 -0.037337 -0.21231 2.3871
59.042 8688.7 321.7 20889 1.1401 -0.0040559 -0.03726 -0.21231 2.3872
59.319 8769.7 323.4 20850 1.1359 -0.0046286 -0.037239 -0.21232 2.3872
59.982 8964.9 327.48 20755 1.1255 -0.0061474 -0.03719 -0.21232 2.3872
61.162 9316 334.83 20585 1.1052 -0.0094263 -0.037104 -0.21232 2.3872
62.164 9617.1 341.21 20441 1.0861 -0.012663 -0.037033 -0.21232 2.3872
62.441 9700.7 343 20402 1.0806 -0.013575 -0.037013 -0.21232 2.3872
63.104 9901.9 347.36 20307 1.0668 -0.015642 -0.036968 -0.21232 2.3873
64.284 10262 355.35 20137 1.0407 -0.018827 -0.036888 -0.21232 2.3873
65.286 10570 362.36 19993 1.0173 -0.020962 -0.036822 -0.21232 2.3873
65.563 10656 364.34 19954 1.0107 -0.021483 -0.036804 -0.21232 2.3873
66.226 10861 369.15 19859 0.99464 -0.022577 -0.036761 -0.21232 2.3874
67.406 11227 377.99 19689 0.96545 -0.024015 -0.036686 -0.21232 2.3874
68.408 11539 385.82 19546 0.94039 -0.024697 -0.036623 -0.21232 2.3874
68.685 11625 388.03 19506 0.93347 -0.024813 -0.036606 -0.21232 2.3874
69.348 11832 393.44 19411 0.9169 -0.024977 -0.036566 -0.21233 2.3875
70.529 12201 403.42 19242 0.88768 -0.024857 -0.036494 -0.21233 2.3875
71.53 12515 412.26 19098 0.86337 -0.024414 -0.036434 -0.21233 2.3876
71.807 12601 414.75 19058 0.85676 -0.024282 -0.036417 -0.21233 2.3876
72.47 12809 420.85 18963 0.84111 -0.023942 -0.036378 -0.21233 2.3876
73.651 13180 432.1 18794 0.8139 -0.023406 -0.036308 -0.21233 2.3877
74.652 13495 442.03 18650 0.7915 -0.023147 -0.036249 -0.21233 2.3877
74.929 13582 444.83 18611 0.78541 -0.023123 -0.036233 -0.21233 2.3877
75.365 13719 449.31 18548 0.7759 -0.023112 -0.036208 -0.21234 2.3877
76.229 13991 458.4 18424 0.75737 -0.023285 -0.036157 -0.21234 2.3878
77.187 14293 468.79 18287 0.7372 -0.023877 -0.036102 -0.21234 2.3878
77.873 14509 476.45 18189 0.72294 -0.024564 -0.036062 -0.21234 2.3879
78.051 14565 478.47 18163 0.71926 -0.024781 -0.036052 -0.21234 2.3879
78.487 14703 483.47 18100 0.71027 -0.025357 -0.036027 -0.21234 2.3879
79.351 14975 493.58 17977 0.69257 -0.026762 -0.035977 -0.21234 2.388
80.309 15277 505.13 17839 0.673 -0.028756 -0.035922 -0.21235 2.388
80.995 15492 513.63 17741 0.65896 -0.030448 -0.035882 -0.21235 2.3881
81.173 15548 515.87 17716 0.65531 -0.03093 -0.035872 -0.21235 2.3881
81.836 15757 524.31 17620 0.64167 -0.032836 -0.035833 -0.21235 2.3881
83.017 16126 539.79 17451 0.61715 -0.036757 -0.035765 -0.21235 2.3882
84.018 16439 553.4 17308 0.59603 -0.04063 -0.035707 -0.21235 2.3883
84.295 16524 557.24 17268 0.59013 -0.041781 -0.035691 -0.21235 2.3883
84.731 16660 563.37 17206 0.58078 -0.043657 -0.035666 -0.21236 2.3883
85.595 16926 575.8 17082 0.56207 -0.047586 -0.035615 -0.21236 2.3884
86.553 17218 590.04 16944 0.5411 -0.052007 -0.035559 -0.21236 2.3885
87.239 17426 600.58 16846 0.52602 -0.054944 -0.035519 -0.21236 2.3885
87.417 17479 603.37 16821 0.52211 -0.055672 -0.035509 -0.21236 2.3885
87.853 17610 610.27 16758 0.51257 -0.057404 -0.035483 -0.21236 2.3886
88.717 17867 624.3 16634 0.49386 -0.060569 -0.035432 -0.21237 2.3887
89.675 18149 640.43 16497 0.47353 -0.063637 -0.035375 -0.21237 2.3887
90.361 18348 652.36 16399 0.45932 -0.065572 -0.035334 -0.21237 2.3888
90.539 18400 655.51 16373 0.45567 -0.066032 -0.035323 -0.21237 2.3888
90.975 18525 663.32 16311 0.44686 -0.067111 -0.035297 -0.21237 2.3889
91.839 18771 679.14 16187 0.42982 -0.068978 -0.035245 -0.21238 2.3889
92.797 19040 697.26 16050 0.4116 -0.070612 -0.035187 -0.21238 2.389
93.483 19231 710.61 15951 0.39898 -0.071516 -0.035145 -0.21238 2.3891
93.661 19280 714.13 15926 0.39577 -0.071711 -0.035134 -0.21238 2.3891
94.324 19462 727.38 15831 0.38402 -0.072332 -0.035093 -0.21239 2.3892
95.505 19780 751.65 15662 0.36392 -0.07294 -0.035019 -0.21239 2.3893
96.507 20046 772.91 15518 0.34766 -0.07303 -0.034956 -0.21239 2.3894
96.783 20119 778.88 15479 0.34329 -0.073029 -0.034939 -0.2124 2.3895
97.446 20292 793.37 15384 0.33301 -0.073001 -0.034897 -0.2124 2.3896
98.627 20595 819.8 15214 0.31529 -0.073032 -0.034821 -0.2124 2.3897
99.629 20847 842.8 15071 0.30071 -0.073191 -0.034756 -0.21241 2.3898
99.905 20916 849.25 15031 0.29674 -0.073244 -0.034738 -0.21241 2.3899
100.34 21024 859.49 14969 0.29051 -0.073312 -0.03471 -0.21241 2.3899
101.21 21235 880.04 14845 0.27831 -0.07335 -0.034653 -0.21241 2.39
102.16 21464 903.25 14708 0.26492 -0.07309 -0.034589 -0.21242 2.3902
102.85 21625 920.13 14609 0.2554 -0.072638 -0.034543 -0.21242 2.3903
103.03 21666 924.56 14584 0.25293 -0.072484 -0.034531 -0.21242 2.3903
103.46 21767 935.44 14521 0.24691 -0.072058 -0.034502 -0.21243 2.3904
104.33 21962 957.22 14398 0.23505 -0.070948 -0.034443 -0.21243 2.3905
105.28 22172 981.73 14260 0.22195 -0.069276 -0.034377 -0.21243 2.3906
105.97 22318 999.5 14162 0.2126 -0.067814 -0.034329 -0.21244 2.3907
106.15 22356 1004.1 14137 0.21018 -0.067391 -0.034317 -0.21244 2.3908
106.81 22493 1021.5 14042 0.20117 -0.065697 -0.03427 -0.21244 2.3909
107.99 22728 1052.8 13873 0.1852 -0.062144 -0.034186 -0.21245 2.3911
108.99 22918 1079.7 13729 0.17178 -0.058586 -0.034114 -0.21245 2.3912
109.27 22968 1087.2 13689 0.1681 -0.057519 -0.034094 -0.21246 2.3913
109.71 23047 1099.1 13627 0.16234 -0.055772 -0.034063 -0.21246 2.3913
110.57 23196 1122.8 13503 0.1511 -0.052086 -0.033999 -0.21246 2.3915
111.53 23354 1149.4 13366 0.13898 -0.047947 -0.033928 -0.21247 2.3917
112.22 23460 1168.7 13268 0.13053 -0.045224 -0.033877 -0.21247 2.3918
112.39 23487 1173.8 13242 0.12836 -0.044551 -0.033863 -0.21247 2.3918
113.06 23585 1192.8 13147 0.12043 -0.042172 -0.033813 -0.21248 2.392
114.24 23747 1227.1 12978 0.10672 -0.038457 -0.033723 -0.21249 2.3922
115.24 23872 1256.8 12835 0.095473 -0.035864 -0.033645 -0.21249 2.3924
115.52 23905 1265.1 12795 0.092422 -0.035226 -0.033623 -0.21249 2.3924
115.85 23943 1275.2 12747 0.088796 -0.034504 -0.033597 -0.2125 2.3925
116.44 24008 1293.1 12663 0.082418 -0.033281 -0.033551 -0.2125 2.3926
116.94 24060 1308.5 12591 0.077089 -0.032238 -0.033511 -0.2125 2.3927
117.08 24073 1312.8 12571 0.075633 -0.031932 -0.0335 -0.21251 2.3928
117.41 24106 1323 12524 0.072173 -0.031181 -0.033473 -0.21251 2.3928
118 24160 1341.4 12439 0.066129 -0.029719 -0.033426 -0.21251 2.393
118.5 24203 1357.2 12367 0.061142 -0.028335 -0.033385 -0.21252 2.3931
118.64 24214 1361.6 12348 0.059791 -0.027935 -0.033374 -0.21252 2.3931
118.95 24239 1371.3 12304 0.056831 -0.02701 -0.033349 -0.21252 2.3932
119.59 24287 1391.9 12211 0.05086 -0.024924 -0.033296 -0.21252 2.3933
120.39 24340 1417.8 12096 0.043881 -0.022026 -0.033229 -0.21253 2.3935
121.14 24384 1442 11989 0.037954 -0.019038 -0.033166 -0.21253 2.3937
121.64 24410 1458.1 11918 0.0344 -0.016912 -0.033125 -0.21254 2.3938
121.76 24416 1462.2 11900 0.033555 -0.016359 -0.033114 -0.21254 2.3938
121.91 24423 1467.2 11878 0.032537 -0.015665 -0.033101 -0.21254 2.3938
122.23 24438 1477.7 11832 0.030516 -0.014175 -0.033074 -0.21254 2.3939
122.64 24456 1490.8 11775 0.028206 -0.01224 -0.03304 -0.21255 2.394
123.01 24471 1503.1 11721 0.026285 -0.010365 -0.033007 -0.21255 2.3941
123.26 24480 1511.2 11686 0.02515 -0.0090904 -0.032986 -0.21255 2.3941
123.32 24483 1513.2 11677 0.024881 -0.0087653 -0.032981 -0.21255 2.3942
123.47 24489 1518.3 11655 0.024248 -0.0079535 -0.032967 -0.21255 2.3942
123.8 24500 1528.9 11609 0.023057 -0.0062192 -0.03294 -0.21255 2.3943
124.2 24514 1542.2 11551 0.021779 -0.0039796 -0.032905 -0.21256 2.3944
124.57 24526 1554.7 11497 0.020783 -0.0018227 -0.032872 -0.21256 2.3945
124.82 24534 1563 11462 0.020234 -0.00036756 -0.03285 -0.21256 2.3945
124.88 24536 1565.1 11453 0.02011 -7.6293e-10 -0.032845 -0.21256 2.3945
