time (s) altitude (m) velocity (m/s) mass (kg) dynamic pressure (Pa)trajectory angle (rad) Lift (N)Drag (N)heading angle (rad) latitude (rad) angle of attack (rad) 
444.37 40813 2666.1 3300 12149 0.19218 12759 4269.2 1.8282 -0.11649 0.25856
445.95 41618 2681.8 3276.6 10936 0.19177 11488 3843.8 1.8282 -0.11587 0.2586
448.76 43059 2710.7 3235 9086.1 0.19061 9873.1 3345.3 1.8283 -0.11474 0.26463
451.15 44285 2735.9 3199.7 7781.6 0.18936 8702 2978.8 1.8284 -0.11378 0.26991
451.81 44625 2743 3190 7458.4 0.18897 8364.7 2866.1 1.8284 -0.11352 0.27044
452.6 45031 2751.5 3178.3 7090.4 0.18848 8001.3 2747.4 1.8284 -0.11319 0.2716
454 45756 2766.9 3157.5 6483.3 0.18756 7417.1 2558.6 1.8285 -0.11262 0.27419
455.19 46371 2780.1 3139.8 6012.9 0.18673 6925.2 2394.1 1.8285 -0.11213 0.27547
455.52 46541 2783.8 3134.9 5889.8 0.18649 6792.3 2349.2 1.8285 -0.112 0.27572
456.31 46949 2792.7 3123.3 5605.5 0.18591 6488.9 2247 1.8285 -0.11167 0.27645
457.72 47674 2808.7 3102.5 5171.4 0.18483 6021.3 2088.3 1.8286 -0.11109 0.27755
458.91 48290 2822.4 3084.8 4831.8 0.18387 5626.9 1950.9 1.8286 -0.11059 0.27756
459.24 48460 2826.3 3079.9 4742.1 0.1836 5522.7 1914.6 1.8286 -0.11045 0.27756
460.03 48867 2835.5 3068.2 4534 0.18295 5289.4 1834.4 1.8286 -0.11012 0.27789
461.43 49591 2852.1 3047.4 4186.1 0.18174 4891.6 1696.6 1.8287 -0.10953 0.27818
462.63 50206 2866.3 3029.8 3912.5 0.1807 4563.5 1581.2 1.8287 -0.10902 0.2778
462.96 50376 2870.3 3024.9 3840.2 0.1804 4476.7 1550.7 1.8287 -0.10888 0.27768
463.74 50782 2879.8 3013.2 3672.5 0.17969 4284.1 1483.9 1.8287 -0.10855 0.2778
465.15 51505 2897 2992.4 3409.6 0.17839 3965.3 1371.2 1.8288 -0.10795 0.27717
466.34 52117 2911.7 2974.8 3206.4 0.17727 3706.6 1278.2 1.8288 -0.10743 0.27596
466.67 52286 2915.8 2969.9 3152.3 0.17696 3639.8 1254.5 1.8288 -0.10729 0.27573
467.71 52819 2928.8 2954.5 2987 0.17596 3441.6 1184.6 1.8289 -0.10684 0.27528
469.77 53872 2954.9 2924.1 2683 0.17396 3061.5 1048.6 1.8289 -0.10595 0.27338
472.05 55036 2984.4 2890.3 2379.5 0.17168 2683.2 913.43 1.829 -0.10494 0.2711
473.68 55868 3005.9 2866.1 2181.9 0.17002 2432.9 823.68 1.829 -0.10422 0.26897
474.1 56084 3011.5 2859.9 2133.1 0.16958 2370.8 801.38 1.829 -0.10403 0.26836
475.68 56885 3032.6 2836.5 1960.4 0.16795 2157.4 725.53 1.8291 -0.10332 0.26651
478.49 58306 3070.9 2794.9 1684.5 0.165 1803.6 598.49 1.8291 -0.10205 0.26148
480.88 59507 3104.2 2759.6 1479.2 0.16245 1542.8 505.29 1.8292 -0.10096 0.25681
481.54 59837 3113.4 2749.8 1426.8 0.16174 1473.8 480.41 1.8292 -0.10065 0.25512
483.11 60627 3135.9 2726.5 1308.2 0.16003 1329.5 429.66 1.8293 -0.09992 0.25233
485.93 62027 3176.7 2684.8 1119.4 0.15696 1108.3 352.84 1.8293 -0.098603 0.24789
488.31 63208 3212 2649.5 979.52 0.15437 962 304.24 1.8294 -0.097472 0.24652
488.97 63533 3221.8 2639.8 943.89 0.15367 919 289.22 1.8294 -0.097158 0.24509
490.01 64045 3237.5 2624.4 890.13 0.15255 864.91 271.58 1.8294 -0.09666 0.24474
492.06 65054 3268.8 2594 792.05 0.15037 763.86 238.61 1.8295 -0.095666 0.24342
494.34 66168 3304.2 2560.2 695.14 0.14796 645.8 199.06 1.8295 -0.094554 0.23703
495.98 66962 3329.9 2536 632.68 0.14622 567.53 173.01 1.8296 -0.093749 0.23128
496.4 67167 3336.7 2529.8 617.33 0.14577 550.45 167.59 1.8296 -0.093539 0.23032
497.44 67670 3353.3 2514.4 581.23 0.14465 510.7 154.98 1.8296 -0.093023 0.228
499.5 68661 3386.5 2483.9 515.55 0.14244 436.6 131.32 1.8296 -0.091993 0.22232
501.78 69754 3424.1 2450.2 450.91 0.13999 367.9 109.67 1.8297 -0.090839 0.21679
503.41 70533 3451.4 2426 409.39 0.13824 323.05 95.452 1.8297 -0.090005 0.21199
503.83 70734 3458.6 2419.7 399.2 0.13778 313.22 92.425 1.8297 -0.089787 0.21119
504.57 71082 3471 2408.9 382.08 0.137 297.36 87.591 1.8297 -0.08941 0.21006
506.1 71806 3497.1 2386.2 347.81 0.13537 265.96 78.241 1.8298 -0.088617 0.20748
508.01 72707 3530.3 2357.9 309.21 0.13329 205.25 59.337 1.8298 -0.087617 0.18788
509.79 73541 3561.9 2331.5 277.09 0.13113 138.93 39.802 1.8298 -0.086677 0.15429
510.97 74087 3583 2314.1 257.8 0.12955 107.44 31.423 1.8299 -0.086052 0.13531
511.27 74223 3588.4 2309.7 253.16 0.12914 99.825 29.663 1.8299 -0.085894 0.12963
512.31 74702 3607.3 2294.3 237.57 0.12764 76.773 24.28 1.8299 -0.085338 0.11157
514.36 75639 3645.4 2263.9 209.63 0.12441 41.905 17.012 1.8299 -0.084229 0.075676
516.64 76661 3688.5 2230.1 182.75 0.12043 14.286 12.67 1.83 -0.082985 0.03591
518.27 77378 3719.9 2205.9 165.86 0.11732 2.6391 11.121 1.83 -0.082085 0.0074006
518.7 77562 3728.1 2199.6 161.77 0.11648 -2.281e-15 10.742 1.83 -0.08185 0
518.7 77562 3728.1 2199.6 161.77 0.11648 -2.281e-15 10.742 1.83 -0.08185 0
519.7 77996 3727 2199.6 150.85 0.11447 1.1602e-15 10.014 1.83 -0.081295 0
520.7 78418 3726 2199.6 140.89 0.11246 -9.0299e-17 9.349 1.83 -0.08074 0
521.7 78832 3724.9 2199.6 131.7 0.11045 3.3766e-16 8.7367 1.83 -0.080185 0
522.7 79239 3723.9 2199.6 123.24 0.10844 -1.1058e-15 8.1724 1.8301 -0.07963 0
523.7 79638 3722.9 2199.6 115.43 0.10643 5.1788e-16 7.652 1.8301 -0.079075 0
524.7 80030 3721.9 2199.6 108.22 0.10441 -6.9363e-17 7.1718 1.8301 -0.078521 0
525.7 80414 3721 2199.6 101.56 0.1024 -6.5096e-17 6.7285 1.8301 -0.077966 0
526.7 80790 3720 2199.6 95.413 0.10038 -3.6692e-16 6.319 1.8301 -0.077411 0
527.7 81159 3719.1 2199.6 89.725 0.098368 4.0256e-16 5.9405 1.8301 -0.076857 0
528.7 81521 3718.2 2199.6 84.465 0.096351 -1.0286e-15 5.5904 1.8301 -0.076303 0
529.7 81875 3717.3 2199.6 79.596 0.094333 3.5711e-16 5.2665 1.8302 -0.075748 0
530.7 82221 3716.5 2199.6 75.086 0.092315 9.6252e-17 4.9667 1.8302 -0.075194 0
531.7 82560 3715.6 2199.6 70.908 0.090295 9.0896e-17 4.6889 1.8302 -0.07464 0
532.7 82891 3714.8 2199.6 67.035 0.088274 8.5931e-17 4.4315 1.8302 -0.074085 0
533.7 83215 3714 2199.6 63.443 0.086253 -4.473e-16 4.1929 1.8302 -0.073531 0
534.7 83531 3713.2 2199.6 60.11 0.084231 5.779e-16 3.9715 1.8302 -0.072977 0
535.7 83840 3712.5 2199.6 57.015 0.082208 2.558e-16 3.766 1.8302 -0.072423 0
536.7 84141 3711.7 2199.6 54.141 0.080185 -2.0821e-16 3.5752 1.8302 -0.071869 0
537.7 84434 3711 2199.6 51.47 0.07816 3.2989e-16 3.3979 1.8303 -0.071315 0
538.7 84720 3710.3 2199.6 48.988 0.076135 6.2797e-17 3.2332 1.8303 -0.070761 0
539.7 84999 3709.6 2199.6 46.606 0.074109 5.9744e-17 3.0757 1.8303 -0.070207 0
540.7 85270 3708.9 2068.7 0 0.072083 -0 0 1.8303 -0.069654 0
541.7 85533 3708.3 2068.7 0 0.070056 0 0 1.8303 -0.0691 0
542.7 85789 3707.7 2068.7 0 0.068028 0 0 1.8303 -0.068546 0
543.7 86037 3707.1 2068.7 0 0.066 0 0 1.8303 -0.067992 0
544.7 86278 3706.5 2068.7 0 0.063971 0 0 1.8303 -0.067439 0
545.7 86511 3705.9 2068.7 0 0.061941 0 0 1.8303 -0.066885 0
546.7 86737 3705.4 2068.7 0 0.059911 0 0 1.8303 -0.066332 0
547.7 86955 3704.8 2068.7 0 0.057881 -0 0 1.8303 -0.065778 0
548.7 87165 3704.3 2068.7 0 0.055849 0 0 1.8304 -0.065224 0
549.7 87368 3703.8 2068.7 0 0.053818 -0 0 1.8304 -0.064671 0
550.7 87564 3703.4 2068.7 0 0.051786 -0 0 1.8304 -0.064118 0
551.7 87752 3702.9 2068.7 0 0.049753 0 0 1.8304 -0.063564 0
552.7 87932 3702.5 2068.7 0 0.04772 0 0 1.8304 -0.063011 0
553.7 88105 3702.1 2068.7 0 0.045687 -0 0 1.8304 -0.062457 0
554.7 88270 3701.7 2068.7 0 0.043653 0 0 1.8304 -0.061904 0
555.7 88428 3701.3 2068.7 0 0.041618 -0 0 1.8304 -0.061351 0
556.7 88578 3700.9 2068.7 0 0.039584 0 0 1.8304 -0.060797 0
557.7 88721 3700.6 2068.7 0 0.037549 0 0 1.8304 -0.060244 0
558.7 88856 3700.3 2068.7 0 0.035513 0 0 1.8304 -0.059691 0
559.7 88984 3700 2068.7 0 0.033478 -0 0 1.8304 -0.059137 0
560.7 89104 3699.7 2068.7 0 0.031442 -0 0 1.8304 -0.058584 0
561.7 89216 3699.5 2068.7 0 0.029406 -0 0 1.8304 -0.058031 0
562.7 89321 3699.2 2068.7 0 0.027369 0 0 1.8304 -0.057478 0
563.7 89419 3699 2068.7 0 0.025333 0 0 1.8304 -0.056925 0
564.7 89509 3698.8 2068.7 0 0.023296 0 0 1.8304 -0.056371 0
565.7 89591 3698.6 2068.7 0 0.021259 0 0 1.8304 -0.055818 0
566.7 89666 3698.5 2068.7 0 0.019221 -0 0 1.8304 -0.055265 0
567.7 89733 3698.3 2068.7 0 0.017184 -0 0 1.8304 -0.054712 0
568.7 89793 3698.2 2068.7 0 0.015146 -0 0 1.8304 -0.054159 0
569.7 89845 3698.1 2068.7 0 0.013109 0 0 1.8304 -0.053606 0
570.7 89890 3698 2068.7 0 0.011071 0 0 1.8305 -0.053052 0
571.7 89927 3698 2068.7 0 0.0090332 -0 0 1.8305 -0.052499 0
572.7 89957 3697.9 2068.7 0 0.0069954 -0 0 1.8305 -0.051946 0
573.7 89979 3697.9 2068.7 0 0.0049574 0 0 1.8305 -0.051393 0
574.7 89993 3697.9 2068.7 0 0.0029195 -0 0 1.8305 -0.05084 0
575.7 90001 3697.9 2068.7 0 0.00088157 -0 0 1.8305 -0.050287 0
576.7 90000 3698 2068.7 0 0 -0 0 1.8305 -0.049733 0
