time (s) altitude (m) velocity (m/s) mass (kg) dynamic pressure (Pa)trajectory angle (rad) Lift (N)Drag (N)heading angle (rad) latitude (rad) angle of attack (rad) 
562.09 40891 2583.6 3300 11280 0.16905 15694 5901.3 1.8251 -0.080208 0.31376
562.54 41086 2587.8 3293.4 11000 0.1692 15308 5756.4 1.8251 -0.080036 0.3138
563.33 41434 2595.3 3281.6 10519 0.16943 14710 5546.3 1.8251 -0.079729 0.31485
564.01 41730 2601.8 3271.6 10128 0.16959 14223 5376.9 1.8251 -0.079467 0.31575
564.2 41812 2603.6 3268.8 10022 0.16962 14069 5316.7 1.8251 -0.079395 0.31565
564.65 42009 2608 3262.2 9774.1 0.1697 13720 5184.8 1.8251 -0.079222 0.31564
565.44 42361 2615.8 3250.4 9347.9 0.16979 13078 4931.7 1.8252 -0.078912 0.31493
566.12 42661 2622.5 3240.4 9001.6 0.16982 12546 4719.6 1.8252 -0.078649 0.31412
566.31 42743 2624.3 3237.6 8908.3 0.16982 12408 4666.5 1.8252 -0.078576 0.31397
566.75 42942 2628.8 3231 8688.9 0.16982 12099 4549.6 1.8252 -0.078401 0.31391
567.55 43297 2636.9 3219.2 8312.1 0.16977 11562 4345.8 1.8252 -0.078089 0.31367
568.23 43598 2643.8 3209.1 8006 0.16969 11139 4187 1.8252 -0.077823 0.31372
568.41 43682 2645.7 3206.4 7923.6 0.16966 11025 4144.2 1.8252 -0.07775 0.31373
568.86 43882 2650.4 3199.8 7729.7 0.16959 10772 4051.5 1.8253 -0.077574 0.31408
569.66 44239 2658.7 3188 7396.8 0.16944 10311 3878.5 1.8253 -0.077259 0.31414
570.33 44542 2665.8 3177.9 7126.3 0.16927 9905.9 3721.7 1.8253 -0.076991 0.31351
570.52 44626 2667.8 3175.2 7053.5 0.16922 9807.1 3684.9 1.8253 -0.076917 0.31356
570.97 44827 2672.5 3168.6 6882.3 0.1691 9576.2 3599.1 1.8253 -0.076739 0.31372
571.77 45186 2681.1 3156.7 6588.3 0.16884 9164.8 3443.9 1.8253 -0.076422 0.31366
572.44 45491 2688.4 3146.7 6349.4 0.16861 8815.7 3310.1 1.8254 -0.076152 0.31324
572.63 45575 2690.4 3144 6285.1 0.16854 8723.4 3275 1.8254 -0.076077 0.31316
573.08 45777 2695.3 3137.3 6133.9 0.16836 8515.3 3197 1.8254 -0.075898 0.31321
573.87 46138 2704 3125.5 5874.3 0.16803 8165.8 3067.2 1.8254 -0.075578 0.3135
574.55 46444 2711.5 3115.5 5663.3 0.16773 7884 2962.9 1.8254 -0.075306 0.31381
574.74 46528 2713.6 3112.8 5606.6 0.16764 7804 2932.7 1.8254 -0.075231 0.31378
575.63 46934 2723.6 3099.5 5342.6 0.16721 7434.5 2793.3 1.8254 -0.074869 0.31372
577.23 47657 2741.7 3075.9 4938.2 0.16638 6871 2580.8 1.8255 -0.074221 0.31367
578.58 48272 2757.3 3055.9 4621.7 0.16563 6471.2 2438.3 1.8255 -0.073668 0.315
578.95 48442 2761.6 3050.4 4537.9 0.16542 6359.6 2397.4 1.8255 -0.073515 0.31519
579.85 48849 2772 3037.1 4343.2 0.1649 6117.8 2313.1 1.8255 -0.073147 0.31626
581.44 49575 2790.9 3013.5 4016.9 0.16395 5651.8 2134.8 1.8256 -0.072487 0.31599
582.79 50191 2807 2993.5 3759.5 0.16309 5254.6 1976 1.8256 -0.071924 0.31455
583.17 50361 2811.6 2987.9 3691.4 0.16284 5157 1938.6 1.8256 -0.071768 0.31445
584.06 50769 2822.4 2974.7 3533.2 0.16225 4947.5 1862.2 1.8257 -0.071393 0.31493
585.66 51496 2842 2951.1 3284.6 0.16117 4616.8 1741 1.8257 -0.070722 0.3157
587.01 52113 2858.8 2931.1 3092.4 0.16024 4341 1634.9 1.8257 -0.070148 0.31539
587.38 52284 2863.5 2925.5 3041.2 0.15998 4264.3 1604.7 1.8257 -0.069989 0.31514
587.83 52488 2869.1 2918.9 2980.7 0.15967 4186.6 1576.9 1.8257 -0.069799 0.31549
588.63 52851 2879.2 2907.1 2875.7 0.15911 4048.4 1526.6 1.8258 -0.069458 0.31597
589.3 53160 2887.8 2897.1 2789.1 0.15864 3922.1 1477.6 1.8258 -0.069168 0.3157
589.49 53245 2890.2 2894.3 2765.7 0.1585 3887.9 1464.3 1.8258 -0.069088 0.31563
589.94 53449 2895.9 2887.7 2710.1 0.15819 3813.4 1436.9 1.8258 -0.068895 0.31582
590.74 53813 2906.1 2875.9 2613.6 0.15762 3677.4 1385.2 1.8258 -0.068551 0.31579
591.41 54122 2914.9 2865.9 2534.2 0.15714 3555.4 1336.6 1.8258 -0.068258 0.31516
591.6 54207 2917.3 2863.1 2512.6 0.157 3524.1 1324.5 1.8258 -0.068177 0.31509
592.05 54411 2923.1 2856.5 2461.6 0.15668 3454.8 1298.7 1.8259 -0.067983 0.31522
592.84 54774 2933.6 2844.7 2373.1 0.1561 3326.7 1249 1.8259 -0.067636 0.31496
593.52 55083 2942.5 2834.7 2300.2 0.15561 3214.5 1204.1 1.8259 -0.06734 0.31428
593.71 55168 2944.9 2831.9 2280.4 0.15548 3185.1 1192.5 1.8259 -0.067258 0.31416
594.15 55372 2950.9 2825.3 2233.6 0.15515 3119.8 1167.8 1.8259 -0.067062 0.31415
594.95 55736 2961.5 2813.5 2152.5 0.15456 2999.9 1121.4 1.8259 -0.066711 0.31366
595.63 56044 2970.5 2803.5 2085.7 0.15406 2897.5 1081.2 1.8259 -0.066413 0.31293
595.82 56129 2973.1 2800.7 2067.5 0.15393 2871.5 1071.3 1.8259 -0.06633 0.31287
596.71 56537 2985.1 2787.5 1982.7 0.15326 2755.3 1027.6 1.826 -0.065934 0.31298
598.3 57263 3006.9 2763.9 1839.1 0.15209 2559.4 954.15 1.826 -0.065223 0.31326
599.66 57880 3025.5 2743.8 1724.7 0.1511 2402.1 895.06 1.826 -0.064616 0.31341
600.03 58050 3030.7 2738.3 1694.3 0.15083 2357.3 877.79 1.826 -0.064448 0.31318
600.93 58457 3043.2 2725 1623.2 0.15018 2263.3 843.1 1.8261 -0.064043 0.31364
602.52 59183 3065.7 2701.4 1503.2 0.14903 2092.7 778.21 1.8261 -0.063319 0.31325
603.87 59799 3084.9 2681.4 1407.7 0.14805 1941 718.19 1.8261 -0.0627 0.31112
604.25 59969 3090.3 2675.9 1382.3 0.14778 1902 702.95 1.8261 -0.062528 0.31066
606.04 60783 3116.2 2649.4 1266 0.14648 1722.4 632.64 1.8262 -0.061701 0.30816
609.23 62233 3163.4 2602.2 1080.5 0.14413 1416.4 510.28 1.8262 -0.060211 0.30023
611.93 63461 3204.4 2562.1 942.7 0.14208 1193.2 421.72 1.8263 -0.058929 0.29303
612.68 63800 3215.9 2551.1 907.55 0.14151 1133 397.41 1.8263 -0.058572 0.29027
614.47 64612 3243.8 2524.6 828.05 0.14012 1014.3 351.71 1.8264 -0.057712 0.2865
617.66 66055 3294.4 2477.4 701.86 0.13764 829.17 281.07 1.8264 -0.05616 0.27953
620.36 67276 3338.4 2437.3 608.7 0.13554 702.17 235.69 1.8265 -0.054824 0.27488
621.11 67613 3350.8 2426.2 585.02 0.13496 664.74 221.98 1.8265 -0.054452 0.27201
622.9 68420 3380.6 2399.7 531.63 0.13357 589.75 195.41 1.8265 -0.053555 0.26755
626.09 69853 3434.9 2352.5 447.32 0.13108 466.87 151.33 1.8266 -0.051937 0.25666
628.79 71066 3482.1 2312.5 385.44 0.12892 382.11 121.42 1.8266 -0.050544 0.24797
629.54 71400 3495.3 2301.4 369.35 0.12832 360.29 113.73 1.8267 -0.050155 0.24534
631.33 72200 3527.3 2274.9 333.35 0.12691 321.38 101.19 1.8267 -0.049219 0.24338
634.52 73621 3585.6 2227.7 277.35 0.12425 217.05 64.58 1.8267 -0.04753 0.21088
637.22 74819 3636.8 2187.7 237.12 0.12146 123.41 35.583 1.8268 -0.046075 0.15844
637.97 75147 3651.2 2176.6 227.09 0.12055 106.3 30.848 1.8268 -0.04567 0.14714
639.76 75930 3686.2 2150.1 204.8 0.11823 69.575 21.884 1.8268 -0.044691 0.1159
642.95 77301 3750.1 2102.9 170.65 0.11344 25.768 12.986 1.8269 -0.042924 0.06025
645.66 78434 3805.8 2062.8 146.6 0.1087 4.1091 9.8449 1.8269 -0.041401 0.013037
646.4 78741 3821.4 2051.8 140.67 0.10728 -9.9176e-16 9.2867 1.8269 -0.040976 0
646.4 78741 3821.4 2051.8 140.67 0.10728 -9.9176e-16 9.2867 1.8269 -0.040976 0
647.4 79150 3820.4 2051.8 131.59 0.10535 1.6868e-16 8.6841 1.827 -0.040406 0
648.4 79548 3819.4 2051.8 123.28 0.10342 1.5803e-16 8.1333 1.827 -0.039836 0
649.4 79939 3818.5 2051.8 115.62 0.10149 -8.1513e-16 7.6249 1.827 -0.039266 0
650.4 80322 3817.6 2051.8 108.53 0.09955 -1.113e-15 7.1553 1.827 -0.038697 0
651.4 80698 3816.7 2051.8 101.98 0.097614 -1.0458e-15 6.7213 1.827 -0.038127 0
652.4 81066 3815.8 2051.8 95.924 0.095677 6.1482e-16 6.32 1.827 -0.037558 0
653.4 81427 3814.9 2051.8 90.317 0.09374 -9.2621e-16 5.9486 1.827 -0.036988 0
654.4 81780 3814 2051.8 85.126 0.091801 -4.3648e-16 5.6049 1.8271 -0.036419 0
655.4 82126 3813.2 2051.8 80.316 0.089862 -4.1182e-16 5.2866 1.8271 -0.03585 0
656.4 82464 3812.4 2051.8 75.857 0.087922 -1.4586e-16 4.9916 1.8271 -0.03528 0
657.4 82795 3811.6 2051.8 71.722 0.085982 0 4.7181 1.8271 -0.034711 0
658.4 83119 3810.8 2051.8 67.886 0.08404 4.3511e-16 4.4643 1.8271 -0.034142 0
659.4 83435 3810 2051.8 64.324 0.082098 2.0614e-16 4.2289 1.8271 -0.033573 0
660.4 83744 3809.3 2051.8 61.016 0.080155 3.9108e-16 4.0103 1.8271 -0.033004 0
661.4 84045 3808.6 2051.8 57.942 0.078212 -1.1141e-16 3.8072 1.8271 -0.032435 0
662.4 84339 3807.9 2051.8 55.085 0.076267 -2.8245e-16 3.6184 1.8271 -0.031866 0
663.4 84625 3807.2 2051.8 52.427 0.074323 0 3.4429 1.8272 -0.031297 0
664.4 84904 3806.5 2051.8 49.928 0.072377 -4.1601e-16 3.2781 1.8272 -0.030728 0
665.4 85176 3805.9 1920.9 0 0.070431 0 0 1.8272 -0.030159 0
666.4 85440 3805.2 1920.9 0 0.068484 -0 0 1.8272 -0.02959 0
667.4 85697 3804.6 1920.9 0 0.066537 -0 0 1.8272 -0.029022 0
668.4 85946 3804 1920.9 0 0.064589 0 0 1.8272 -0.028453 0
669.4 86188 3803.5 1920.9 0 0.062641 0 0 1.8272 -0.027884 0
670.4 86422 3802.9 1920.9 0 0.060692 0 0 1.8272 -0.027316 0
671.4 86649 3802.4 1920.9 0 0.058742 0 0 1.8272 -0.026747 0
672.4 86869 3801.8 1920.9 0 0.056792 -0 0 1.8272 -0.026178 0
673.4 87081 3801.3 1920.9 0 0.054842 -0 0 1.8272 -0.02561 0
674.4 87285 3800.9 1920.9 0 0.052891 0 0 1.8273 -0.025041 0
675.4 87483 3800.4 1920.9 0 0.05094 0 0 1.8273 -0.024473 0
676.4 87672 3800 1920.9 0 0.048988 0 0 1.8273 -0.023905 0
677.4 87855 3799.5 1920.9 0 0.047036 0 0 1.8273 -0.023336 0
678.4 88030 3799.1 1920.9 0 0.045083 0 0 1.8273 -0.022768 0
679.4 88197 3798.7 1920.9 0 0.043131 -0 0 1.8273 -0.022199 0
680.4 88357 3798.4 1920.9 0 0.041177 0 0 1.8273 -0.021631 0
681.4 88510 3798 1920.9 0 0.039224 0 0 1.8273 -0.021063 0
682.4 88655 3797.7 1920.9 0 0.03727 -0 0 1.8273 -0.020494 0
683.4 88793 3797.4 1920.9 0 0.035316 0 0 1.8273 -0.019926 0
684.4 88923 3797.1 1920.9 0 0.033361 -0 0 1.8273 -0.019358 0
685.4 89046 3796.8 1920.9 0 0.031406 -0 0 1.8273 -0.01879 0
686.4 89162 3796.6 1920.9 0 0.029451 0 0 1.8273 -0.018221 0
687.4 89270 3796.3 1920.9 0 0.027496 0 0 1.8273 -0.017653 0
688.4 89371 3796.1 1920.9 0 0.02554 0 0 1.8273 -0.017085 0
689.4 89464 3795.9 1920.9 0 0.023585 -0 0 1.8273 -0.016517 0
690.4 89550 3795.7 1920.9 0 0.021629 -0 0 1.8273 -0.015949 0
691.4 89628 3795.6 1920.9 0 0.019673 0 0 1.8273 -0.015381 0
692.4 89699 3795.4 1920.9 0 0.017717 -0 0 1.8273 -0.014812 0
693.4 89762 3795.3 1920.9 0 0.01576 0 0 1.8273 -0.014244 0
694.4 89819 3795.2 1920.9 0 0.013804 0 0 1.8273 -0.013676 0
695.4 89867 3795.1 1920.9 0 0.011847 0 0 1.8273 -0.013108 0
696.4 89908 3795 1920.9 0 0.0098908 -0 0 1.8273 -0.01254 0
697.4 89942 3795 1920.9 0 0.0079342 0 0 1.8273 -0.011972 0
698.4 89969 3794.9 1920.9 0 0.0059775 0 0 1.8274 -0.011404 0
699.4 89988 3794.9 1920.9 0 0.0040208 -0 0 1.8274 -0.010836 0
700.4 89999 3794.9 1920.9 0 0.002064 -0 0 1.8274 -0.010267 0
701.4 90003 3795 1920.9 0 0.00010729 -0 0 1.8274 -0.0096992 0
702.4 90000 3795 1920.9 0 0 -0 0 1.8274 -0.0091311 0
