time (s) altitude (m) velocity (m/s) mass (kg) dynamic pressure (Pa)trajectory angle (rad) Lift (N)Drag (N)heading angle (rad) latitude (rad) angle of attack (rad) 
527.12 40827 2622 3300 11726 0.17241 16299 6122.7 1.8258 -0.089092 0.31348
527.98 41215 2630 3287.2 11150 0.17276 15464 5803.6 1.8259 -0.088755 0.313
529.51 41912 2644.6 3264.5 10193 0.17319 14183 5329.1 1.8259 -0.088154 0.3137
530.81 42507 2657.3 3245.3 9447.9 0.17339 13151 4941.8 1.826 -0.087641 0.31378
531.17 42671 2660.8 3240 9252.3 0.17342 12866 4832.9 1.826 -0.087499 0.31356
532.03 43068 2669.4 3227.2 8800.4 0.17345 12242 4598.9 1.826 -0.087158 0.31364
533.57 43776 2685 3204.5 8052 0.17337 11211 4212.5 1.826 -0.086548 0.31382
534.87 44380 2698.4 3185.2 7469.8 0.17318 10400 3907.6 1.8261 -0.086028 0.31381
535.23 44547 2702.2 3179.9 7317.1 0.1731 10186 3827 1.8261 -0.085883 0.31378
536.09 44949 2711.3 3167.2 6964.4 0.1729 9689.5 3639.4 1.8261 -0.085537 0.31365
537.62 45665 2727.7 3144.4 6380.7 0.17242 8787.4 3287 1.8261 -0.084917 0.31141
538.93 46275 2742 3125.2 5926.9 0.17191 8152.2 3047.6 1.8262 -0.084389 0.31113
539.28 46444 2745.9 3119.9 5807.9 0.17175 8021.5 3003.6 1.8262 -0.084242 0.31202
540.15 46848 2755.5 3107.1 5533.1 0.17137 7648.1 2864.5 1.8262 -0.08389 0.3122
541.68 47570 2772.7 3084.4 5106.7 0.17062 7067.4 2647.7 1.8263 -0.083261 0.31244
542.98 48183 2787.6 3065.1 4777.2 0.16993 6643.9 2493.3 1.8263 -0.082723 0.3135
543.34 48352 2791.7 3059.8 4690 0.16974 6527.8 2450.3 1.8263 -0.082574 0.31367
544.47 48887 2804.9 3043 4425.1 0.16909 6134.1 2298.3 1.8263 -0.082103 0.31276
546.72 49947 2831.3 3009.8 3944.3 0.16773 5463.1 2045.4 1.8264 -0.081163 0.31254
549.21 51124 2861.3 2973 3476.8 0.16611 4839.9 1814.8 1.8265 -0.080111 0.3136
550.99 51968 2883.2 2946.6 3199.6 0.16491 4463 1673.9 1.8265 -0.07935 0.314
551.45 52187 2889 2939.7 3130.9 0.16459 4375.9 1642.8 1.8265 -0.079152 0.31442
553.17 53002 2910.5 2914.2 2886.6 0.16341 4044.8 1520 1.8266 -0.07841 0.31491
556.24 54455 2949.7 2868.8 2493.3 0.16124 3457.8 1291 1.8266 -0.077074 0.3126
558.85 55688 2983.8 2830.3 2197.9 0.1593 2979.1 1099.8 1.8267 -0.075926 0.30757
559.56 56028 2993.4 2819.6 2122.1 0.15875 2857.5 1051.5 1.8267 -0.075607 0.30615
561.29 56842 3016.6 2794.1 1949.9 0.1574 2596.8 949.82 1.8268 -0.074838 0.30378
564.35 58292 3058.7 2748.7 1674.1 0.15494 2171.1 782.9 1.8268 -0.073452 0.29818
566.96 59519 3095.3 2710.2 1468.4 0.15279 1856.4 660.1 1.8269 -0.072262 0.29296
567.68 59858 3105.6 2699.5 1415.8 0.15218 1772.1 626.7 1.8269 -0.07193 0.29095
568.81 60391 3121.9 2682.7 1336.3 0.15122 1660.8 584.71 1.8269 -0.071405 0.28953
571.05 61446 3154.6 2649.5 1190.8 0.14931 1443.4 500.77 1.827 -0.070358 0.28461
573.54 62612 3191.7 2612.7 1046.5 0.14716 1242 425.14 1.827 -0.069184 0.28056
575.33 63445 3218.6 2586.3 953.11 0.14563 1128.3 384.99 1.8271 -0.068334 0.28004
575.79 63662 3225.7 2579.4 930.12 0.14524 1099.9 374.88 1.8271 -0.068112 0.27982
577.51 64465 3252.2 2553.9 848.97 0.14379 991.11 335.47 1.8271 -0.067282 0.2773
580.58 65892 3300.4 2508.5 720.23 0.14119 801.13 265.35 1.8272 -0.065787 0.26806
583.18 67099 3342.2 2470 625.28 0.13894 666.32 216.73 1.8272 -0.064501 0.26026
583.9 67432 3353.9 2459.3 601.17 0.13832 632.27 204.65 1.8273 -0.064143 0.25796
585.62 68227 3382.3 2433.8 546.8 0.13681 557.99 178.54 1.8273 -0.063279 0.25277
588.69 69639 3433.8 2388.4 461.01 0.13411 448.03 140.63 1.8274 -0.061724 0.24471
591.29 70832 3478.5 2349.9 398.12 0.13183 372.19 115.91 1.8274 -0.060385 0.23813
592.01 71160 3491 2339.2 381.98 0.1312 349 108.1 1.8274 -0.060012 0.23433
593.15 71678 3510.9 2322.4 357.43 0.1302 325.1 100.7 1.8274 -0.059421 0.23361
595.39 72699 3550.9 2289.2 313.21 0.1282 257.24 77.531 1.8275 -0.058241 0.2178
597.88 73825 3596.3 2252.4 270.4 0.12571 170.4 49.137 1.8275 -0.056918 0.18138
599.66 74626 3629.6 2226 243.37 0.12364 116.52 33.689 1.8276 -0.055959 0.14943
600.12 74833 3638.4 2219.1 236.81 0.12305 104.8 30.465 1.8276 -0.055708 0.14158
601.85 75599 3671.3 2193.6 213.98 0.12073 69.007 22.029 1.8276 -0.05477 0.11152
604.92 76940 3731.4 2148.2 178.92 0.116 25.789 13.519 1.8276 -0.053079 0.057972
607.52 78050 3783.8 2109.7 154.13 0.11137 4.1564 10.36 1.8277 -0.051622 0.012543
608.24 78351 3798.4 2099 148 0.10999 -5.6915e-16 9.7857 1.8277 -0.051216 0
608.24 78351 3798.4 2099 148 0.10999 -5.6915e-16 9.7857 1.8277 -0.051216 0
609.24 78768 3797.4 2099 138.3 0.10804 -5.3187e-16 9.1415 1.8277 -0.050649 0
610.24 79174 3796.4 2099 129.45 0.10609 -2.489e-16 8.553 1.8277 -0.050083 0
611.24 79572 3795.4 2099 121.27 0.10414 -4.6636e-16 8.0101 1.8277 -0.049517 0
612.24 79963 3794.5 2099 113.72 0.10218 -4.3733e-16 7.5089 1.8278 -0.048951 0
613.24 80346 3793.5 2099 106.75 0.10023 1.3684e-16 7.0461 1.8278 -0.048385 0
614.24 80722 3792.6 2099 100.3 0.098273 -1.9286e-16 6.6185 1.8278 -0.04782 0
615.24 81090 3791.7 2099 94.338 0.096317 -6.6512e-16 6.223 1.8278 -0.047254 0
616.24 81451 3790.8 2099 88.821 0.09436 -1.7079e-16 5.8572 1.8278 -0.046688 0
617.24 81805 3790 2099 83.712 0.092402 -4.2924e-16 5.5186 1.8278 -0.046122 0
618.24 82150 3789.1 2099 78.98 0.090443 -5.5684e-16 5.205 1.8278 -0.045557 0
619.24 82489 3788.3 2099 74.594 0.088483 2.3905e-16 4.9144 1.8279 -0.044991 0
620.24 82820 3787.5 2099 70.527 0.086523 8.1366e-16 4.6451 1.8279 -0.044426 0
621.24 83144 3786.7 2099 66.753 0.084562 2.1392e-16 4.3953 1.8279 -0.04386 0
622.24 83460 3786 2099 63.25 0.0826 -6.4863e-16 4.1634 1.8279 -0.043295 0
623.24 83768 3785.2 2099 59.997 0.080638 -1.1536e-16 3.9482 1.8279 -0.04273 0
624.24 84069 3784.5 2099 56.975 0.078675 4.7473e-16 3.7483 1.8279 -0.042164 0
625.24 84363 3783.8 2099 54.166 0.076711 -1.0415e-16 3.5625 1.8279 -0.041599 0
626.24 84649 3783.1 2099 51.553 0.074746 1.6521e-16 3.3897 1.8279 -0.041034 0
627.24 84928 3782.4 2099 49.086 0.072781 1.5731e-16 3.2269 1.8279 -0.040469 0
628.24 85200 3781.7 1968.1 0 0.070816 0 0 1.828 -0.039904 0
629.24 85463 3781.1 1968.1 0 0.068849 -0 0 1.828 -0.039339 0
630.24 85720 3780.5 1968.1 0 0.066882 0 0 1.828 -0.038774 0
631.24 85969 3779.9 1968.1 0 0.064915 0 0 1.828 -0.038209 0
632.24 86210 3779.3 1968.1 0 0.062946 0 0 1.828 -0.037644 0
633.24 86444 3778.8 1968.1 0 0.060978 0 0 1.828 -0.037079 0
634.24 86671 3778.2 1968.1 0 0.059009 0 0 1.828 -0.036514 0
635.24 86890 3777.7 1968.1 0 0.057039 -0 0 1.828 -0.035949 0
636.24 87101 3777.2 1968.1 0 0.055069 0 0 1.828 -0.035384 0
637.24 87306 3776.7 1968.1 0 0.053098 -0 0 1.828 -0.03482 0
638.24 87502 3776.3 1968.1 0 0.051127 0 0 1.828 -0.034255 0
639.24 87692 3775.8 1968.1 0 0.049155 -0 0 1.828 -0.03369 0
640.24 87873 3775.4 1968.1 0 0.047183 0 0 1.8281 -0.033126 0
641.24 88048 3775 1968.1 0 0.045211 0 0 1.8281 -0.032561 0
642.24 88215 3774.6 1968.1 0 0.043238 -0 0 1.8281 -0.031996 0
643.24 88374 3774.2 1968.1 0 0.041265 -0 0 1.8281 -0.031432 0
644.24 88526 3773.9 1968.1 0 0.039292 0 0 1.8281 -0.030867 0
645.24 88671 3773.5 1968.1 0 0.037318 0 0 1.8281 -0.030303 0
646.24 88808 3773.2 1968.1 0 0.035344 0 0 1.8281 -0.029738 0
647.24 88937 3772.9 1968.1 0 0.03337 0 0 1.8281 -0.029173 0
648.24 89059 3772.7 1968.1 0 0.031395 0 0 1.8281 -0.028609 0
649.24 89174 3772.4 1968.1 0 0.02942 0 0 1.8281 -0.028044 0
650.24 89281 3772.2 1968.1 0 0.027445 -0 0 1.8281 -0.02748 0
651.24 89381 3772 1968.1 0 0.02547 -0 0 1.8281 -0.026916 0
652.24 89473 3771.8 1968.1 0 0.023494 0 0 1.8281 -0.026351 0
653.24 89558 3771.6 1968.1 0 0.021518 -0 0 1.8281 -0.025787 0
654.24 89636 3771.4 1968.1 0 0.019542 0 0 1.8281 -0.025222 0
655.24 89706 3771.3 1968.1 0 0.017566 0 0 1.8281 -0.024658 0
656.24 89768 3771.1 1968.1 0 0.01559 -0 0 1.8281 -0.024093 0
657.24 89823 3771 1968.1 0 0.013614 -0 0 1.8281 -0.023529 0
658.24 89871 3771 1968.1 0 0.011637 0 0 1.8281 -0.022965 0
659.24 89911 3770.9 1968.1 0 0.0096608 0 0 1.8281 -0.0224 0
660.24 89944 3770.8 1968.1 0 0.0076843 -0 0 1.8281 -0.021836 0
661.24 89969 3770.8 1968.1 0 0.0057077 -0 0 1.8281 -0.021271 0
662.24 89987 3770.8 1968.1 0 0.0037311 0 0 1.8281 -0.020707 0
663.24 89997 3770.8 1968.1 0 0.0017545 0 0 1.8281 -0.020143 0
664.24 90000 3770.8 1968.1 0 0 0 0 1.8281 -0.019578 0
