time (s) altitude (m) velocity (m/s) mass (kg) dynamic pressure (Pa)trajectory angle (rad) Lift (N)Drag (N)heading angle (rad) latitude (rad) angle of attack (rad) 
468.7 40906 2656.4 3300 11898 0.18686 13940 4853.2 1.8272 -0.10799 0.27887
469.51 41308 2664.3 3288 11290 0.18686 13226 4604.2 1.8273 -0.10767 0.27884
470.96 42025 2678.6 3266.6 10288 0.18669 12040 4189.5 1.8273 -0.10709 0.27864
472.18 42636 2691 3248.4 9511.8 0.1864 11077 3847.5 1.8273 -0.1066 0.27767
472.52 42805 2694.4 3243.4 9308.8 0.1863 10839 3764.6 1.8273 -0.10647 0.27764
473.34 43210 2702.8 3231.4 8841 0.18602 10316 3585 1.8274 -0.10614 0.27804
474.78 43934 2717.9 3210 8069.5 0.18542 9464.4 3294.6 1.8274 -0.10556 0.27905
476.01 44549 2731 3191.8 7472.1 0.18482 8784.1 3060.4 1.8275 -0.10507 0.27948
476.35 44719 2734.6 3186.8 7315.8 0.18464 8598.7 2995.4 1.8275 -0.10493 0.27945
477.16 45127 2743.4 3174.8 6955.6 0.18419 8167.3 2843.5 1.8275 -0.1046 0.27926
478.6 45854 2759.3 3153.4 6361.3 0.18329 7461.7 2596.6 1.8275 -0.10401 0.27905
479.83 46471 2772.9 3135.2 5900.9 0.18245 6927.7 2411.2 1.8276 -0.10351 0.27921
480.17 46641 2776.7 3130.2 5780.3 0.18221 6786.4 2361.9 1.8276 -0.10337 0.27921
480.98 47050 2785.9 3118.2 5504.8 0.18162 6459.9 2247.7 1.8276 -0.10304 0.27912
482.43 47777 2802.4 3096.8 5082 0.18051 5956 2070.6 1.8276 -0.10244 0.27883
483.65 48394 2816.7 3078.6 4749 0.17952 5574.2 1938.1 1.8277 -0.10193 0.27911
483.99 48564 2820.6 3073.6 4661.1 0.17924 5472.2 1902.6 1.8277 -0.10178 0.27915
485.62 49381 2839.8 3049.6 4262.1 0.17787 5009.7 1741.7 1.8277 -0.1011 0.27934
488.51 50832 2874.6 3006.8 3636.2 0.17532 4275.3 1485.2 1.8278 -0.099878 0.27935
490.96 52061 2904.9 2970.4 3212.5 0.17307 3776.3 1310 1.8279 -0.098827 0.27923
491.64 52400 2913.3 2960.4 3105.3 0.17243 3656.6 1269.1 1.8279 -0.098535 0.27953
492.45 52805 2923.5 2948.4 2981.2 0.17168 3514 1219.7 1.8279 -0.098183 0.2797
493.9 53527 2941.9 2927 2771.3 0.17032 3269.2 1134.1 1.828 -0.097554 0.27981
495.12 54138 2957.6 2908.8 2603.9 0.16916 3065.3 1061.1 1.828 -0.097017 0.27939
495.46 54307 2962 2903.8 2559.3 0.16883 3010.2 1041.3 1.828 -0.096869 0.27922
496.27 54710 2972.5 2891.8 2455.4 0.16806 2887.6 998.16 1.828 -0.096511 0.27918
497.72 55429 2991.5 2870.4 2279.8 0.16668 2686 928.19 1.8281 -0.095871 0.27949
498.95 56037 3007.7 2852.2 2140 0.16551 2518.8 869.03 1.8281 -0.095325 0.27929
499.28 56205 3012.2 2847.2 2102.8 0.16518 2472.8 852.63 1.8281 -0.095174 0.27911
500.91 57008 3034 2823.2 1932.6 0.16363 2272 782.21 1.8281 -0.094446 0.27901
503.8 58434 3073.5 2780.4 1660.5 0.16087 1954.6 671.55 1.8282 -0.093135 0.27921
506.25 59640 3107.7 2744 1457.7 0.15855 1685.2 574.03 1.8283 -0.092009 0.27565
506.93 59972 3117.3 2734 1405.8 0.1579 1606.9 544.81 1.8283 -0.091696 0.27346
508.55 60767 3140.5 2710 1288.5 0.15632 1448.3 487.22 1.8283 -0.090942 0.27027
511.45 62178 3182.5 2667.2 1101.6 0.15348 1193.7 394.77 1.8284 -0.089584 0.26348
513.9 63369 3219 2630.8 963.07 0.15104 1013.1 330.13 1.8285 -0.088417 0.25816
514.58 63697 3229.2 2620.8 927.79 0.15037 964.69 312.54 1.8285 -0.088093 0.25611
516.2 64481 3253.9 2596.8 848.05 0.14874 861.53 275.77 1.8285 -0.087311 0.2521
519.09 65871 3298.7 2554 721.62 0.14581 702.45 219.62 1.8286 -0.085903 0.24496
521.55 67044 3337.5 2517.6 628.36 0.14334 607.42 189.19 1.8286 -0.084693 0.24377
522.22 67366 3348.3 2507.6 604.66 0.14267 579.43 180.17 1.8286 -0.084356 0.24226
523.85 68138 3374.6 2483.6 551.2 0.14107 515.61 159.54 1.8287 -0.083545 0.23818
526.74 69506 3422.1 2440.8 466.75 0.13819 412.38 125.95 1.8287 -0.082084 0.2289
529.19 70659 3463.4 2404.5 404.75 0.13572 340.27 102.69 1.8288 -0.080828 0.22125
529.87 70976 3474.9 2394.4 389.05 0.13504 320.7 96.279 1.8288 -0.080478 0.21831
530.94 71475 3493.2 2378.6 364.79 0.13396 300.11 90.157 1.8288 -0.079925 0.21803
533.05 72459 3530 2347.3 321 0.13183 242.37 71.349 1.8289 -0.07882 0.20562
535.4 73544 3571.7 2312.6 278.48 0.12924 160.66 45.849 1.8289 -0.077581 0.17062
537.08 74314 3602.2 2287.7 251.56 0.12713 110.74 32.08 1.8289 -0.076684 0.14104
537.51 74513 3610.2 2281.2 245.01 0.12654 100.27 29.56 1.8289 -0.07645 0.13344
539.14 75249 3640.3 2257.2 222.18 0.12422 66.198 21.59 1.829 -0.075574 0.10511
542.03 76540 3695.1 2214.4 186.95 0.11957 25.11 13.926 1.829 -0.073995 0.05464
544.48 77608 3742.8 2178.1 161.86 0.11509 4.1143 10.896 1.8291 -0.072637 0.011822
545.16 77898 3756.1 2168 155.63 0.11377 6.9826e-16 10.317 1.8291 -0.072259 0
545.16 77898 3756.1 2168 155.63 0.11377 6.9826e-16 10.317 1.8291 -0.072259 0
546.16 78324 3755.1 2168 145.26 0.11179 -1.3034e-15 9.6258 1.8291 -0.071699 0
547.16 78740 3754 2168 135.78 0.1098 -5.2217e-16 8.9949 1.8291 -0.07114 0
548.16 79147 3753 2168 127.05 0.10781 5.7001e-16 8.4134 1.8291 -0.07058 0
549.16 79547 3752 2168 118.99 0.10582 -1.0677e-15 7.877 1.8291 -0.070021 0
550.16 79940 3751.1 2168 111.55 0.10384 -4.2898e-16 7.3821 1.8291 -0.069462 0
551.16 80325 3750.1 2168 104.68 0.10185 -4.0256e-16 6.9252 1.8292 -0.068903 0
552.16 80702 3749.2 2168 98.331 0.099854 -3.7815e-16 6.5031 1.8292 -0.068344 0
553.16 81072 3748.3 2168 92.461 0.097863 -6.5188e-16 6.113 1.8292 -0.067785 0
554.16 81435 3747.4 2168 87.031 0.09587 1.1156e-16 5.7521 1.8292 -0.067226 0
555.16 81790 3746.5 2168 82.004 0.093876 -3.1536e-16 5.4182 1.8292 -0.066667 0
556.16 82137 3745.6 2168 77.35 0.091882 9.9153e-17 5.1091 1.8292 -0.066108 0
557.16 82477 3744.8 2168 73.036 0.089887 9.3623e-17 4.8228 1.8292 -0.065549 0
558.16 82809 3744 2168 69.038 0.08789 8.8498e-17 4.5574 1.8293 -0.064991 0
559.16 83134 3743.2 2168 65.329 0.085894 -4.6059e-16 4.3113 1.8293 -0.064432 0
560.16 83452 3742.4 2168 61.887 0.083896 7.9332e-17 4.083 1.8293 -0.063873 0
561.16 83762 3741.6 2168 58.692 0.081898 -1.1285e-16 3.8711 1.8293 -0.063315 0
562.16 84064 3740.9 2168 55.724 0.079898 5.3573e-16 3.6743 1.8293 -0.062756 0
563.16 84359 3740.2 2168 52.966 0.077899 6.7896e-17 3.4915 1.8293 -0.062198 0
564.16 84646 3739.5 2168 50.401 0.075898 -9.6913e-17 3.3216 1.8293 -0.061639 0
565.16 84926 3738.8 2168 47.982 0.073897 7.0733e-16 3.1616 1.8293 -0.061081 0
566.16 85198 3738.1 2037.1 0 0.071895 -0 0 1.8293 -0.060523 0
567.16 85463 3737.5 2037.1 0 0.069892 -0 0 1.8293 -0.059964 0
568.16 85720 3736.9 2037.1 0 0.067889 0 0 1.8294 -0.059406 0
569.16 85970 3736.3 2037.1 0 0.065886 0 0 1.8294 -0.058848 0
570.16 86212 3735.7 2037.1 0 0.063881 0 0 1.8294 -0.05829 0
571.16 86447 3735.1 2037.1 0 0.061876 -0 0 1.8294 -0.057732 0
572.16 86674 3734.6 2037.1 0 0.059871 0 0 1.8294 -0.057174 0
573.16 86894 3734 2037.1 0 0.057865 -0 0 1.8294 -0.056616 0
574.16 87106 3733.5 2037.1 0 0.055858 0 0 1.8294 -0.056058 0
575.16 87311 3733 2037.1 0 0.053851 -0 0 1.8294 -0.0555 0
576.16 87508 3732.6 2037.1 0 0.051844 0 0 1.8294 -0.054942 0
577.16 87697 3732.1 2037.1 0 0.049836 -0 0 1.8294 -0.054384 0
578.16 87880 3731.7 2037.1 0 0.047828 0 0 1.8294 -0.053826 0
579.16 88054 3731.3 2037.1 0 0.045819 -0 0 1.8294 -0.053268 0
580.16 88221 3730.9 2037.1 0 0.04381 -0 0 1.8295 -0.05271 0
581.16 88381 3730.5 2037.1 0 0.0418 0 0 1.8295 -0.052152 0
582.16 88533 3730.1 2037.1 0 0.03979 -0 0 1.8295 -0.051594 0
583.16 88678 3729.8 2037.1 0 0.03778 0 0 1.8295 -0.051036 0
584.16 88815 3729.5 2037.1 0 0.03577 0 0 1.8295 -0.050479 0
585.16 88945 3729.2 2037.1 0 0.033759 0 0 1.8295 -0.049921 0
586.16 89067 3728.9 2037.1 0 0.031748 0 0 1.8295 -0.049363 0
587.16 89181 3728.7 2037.1 0 0.029736 -0 0 1.8295 -0.048805 0
588.16 89288 3728.4 2037.1 0 0.027725 -0 0 1.8295 -0.048248 0
589.16 89388 3728.2 2037.1 0 0.025713 0 0 1.8295 -0.04769 0
590.16 89480 3728 2037.1 0 0.0237 -0 0 1.8295 -0.047132 0
591.16 89565 3727.8 2037.1 0 0.021688 -0 0 1.8295 -0.046575 0
592.16 89642 3727.6 2037.1 0 0.019676 0 0 1.8295 -0.046017 0
593.16 89711 3727.5 2037.1 0 0.017663 -0 0 1.8295 -0.045459 0
594.16 89773 3727.4 2037.1 0 0.01565 0 0 1.8295 -0.044902 0
595.16 89828 3727.3 2037.1 0 0.013637 -0 0 1.8295 -0.044344 0
596.16 89875 3727.2 2037.1 0 0.011624 0 0 1.8295 -0.043786 0
597.16 89915 3727.1 2037.1 0 0.0096113 0 0 1.8295 -0.043229 0
598.16 89947 3727.1 2037.1 0 0.0075981 -0 0 1.8295 -0.042671 0
599.16 89971 3727 2037.1 0 0.005585 -0 0 1.8295 -0.042113 0
600.16 89988 3727 2037.1 0 0.0035718 0 0 1.8295 -0.041556 0
601.16 89998 3727 2037.1 0 0.0015585 0 0 1.8295 -0.040998 0
602.16 90000 3727.1 2037.1 0 0 0 0 1.8295 -0.04044 0
