time (s) altitude (m) velocity (m/s) mass (kg)trajectory angle (rad) angle of attack (rad) heading angle (rad) latitude (rad)
0 90 15 27809 1.5691 0 1.6402 -0.2123 2.3868
0.26525 94.125 16.105 27770 1.5686 -2.0065e-08 1.655 -0.2123 2.3868
0.7903 103.16 18.307 27695 1.5677 -2.2092e-08 1.6761 -0.2123 2.3868
1.3725 114.53 20.77 27611 1.5666 -3.5741e-08 1.6925 -0.2123 2.3868
1.7895 123.56 22.549 27551 1.5656 -1.0891e-07 1.7015 -0.2123 2.3868
1.8979 126.03 23.013 27535 1.5654 -1.9276e-07 1.7036 -0.2123 2.3868
2.3009 135.66 24.745 27477 1.5644 -5.5715e-08 1.7106 -0.2123 2.3868
3.0187 154.53 27.858 27373 1.5624 -6.4076e-08 1.7206 -0.2123 2.3868
3.6276 172.31 30.526 27285 1.5605 -1.7433e-07 1.7275 -0.2123 2.3868
3.7958 177.5 31.267 27261 1.5599 -2.7415e-07 1.7291 -0.2123 2.3868
4.6018 204.14 34.844 27145 1.5571 -7.5313e-08 1.7362 -0.2123 2.3868
6.0373 258.78 41.32 26938 1.5512 -1.0267e-07 1.7458 -0.2123 2.3868
7.2553 312.5 46.919 26762 1.5455 -2.5954e-07 1.752 -0.2123 2.3868
7.5915 328.53 48.481 26714 1.5438 -9.2102e-07 1.7535 -0.2123 2.3868
8.3975 369.11 52.255 26598 1.5395 -2.2693e-07 1.7567 -0.2123 2.3868
9.8331 448.95 59.077 26391 1.5312 -2.442e-07 1.7615 -0.2123 2.3868
11.051 524.41 64.966 26215 1.5235 -6.0076e-07 1.7648 -0.2123 2.3868
11.387 546.51 66.607 26166 1.5212 -3.5482e-06 1.7657 -0.2123 2.3868
11.547 557.22 67.392 26143 1.5202 -1.8419e-06 1.7661 -0.2123 2.3868
11.9 581.28 69.126 26092 1.5177 -1.3148e-06 1.7669 -0.2123 2.3868
12.391 615.75 71.549 26022 1.5143 -1.2302e-06 1.768 -0.2123 2.3868
12.945 656.06 74.3 25942 1.5102 -9.409e-07 1.7691 -0.2123 2.3868
13.477 696.26 76.963 25865 1.5062 -1.6495e-06 1.7702 -0.2123 2.3868
13.908 729.76 79.125 25803 1.5029 -1.9404e-06 1.771 -0.2123 2.3868
14.17 750.65 80.449 25765 1.5009 -4.3348e-06 1.7715 -0.2123 2.3868
14.234 755.8 80.773 25756 1.5003 -4.5459e-06 1.7716 -0.2123 2.3868
14.314 762.27 81.178 25745 1.4997 -4.7631e-06 1.7717 -0.2123 2.3868
14.491 776.63 82.072 25719 1.4983 -4.5615e-06 1.772 -0.2123 2.3868
14.736 796.87 83.319 25684 1.4963 -3.9066e-06 1.7724 -0.2123 2.3868
15.013 820.07 84.729 25644 1.494 -3.9432e-06 1.7729 -0.2123 2.3868
15.279 842.74 86.089 25605 1.4918 -4.9782e-06 1.7733 -0.2123 2.3868
15.494 861.32 87.191 25574 1.49 -6.5065e-06 1.7737 -0.2123 2.3868
15.626 872.77 87.865 25556 1.4889 -7.0868e-06 1.7739 -0.2123 2.3868
15.658 875.57 88.029 25551 1.4886 -7.1488e-06 1.7739 -0.2123 2.3868
15.738 882.61 88.441 25539 1.4879 -7.2139e-06 1.774 -0.2123 2.3868
15.914 898.25 89.349 25514 1.4864 -6.6799e-06 1.7743 -0.2123 2.3868
16.159 920.24 90.615 25479 1.4843 -5.5848e-06 1.7747 -0.2123 2.3868
16.436 945.44 92.048 25439 1.4819 -5.2163e-06 1.7751 -0.2123 2.3868
16.703 970.03 93.43 25400 1.4795 -5.5303e-06 1.7754 -0.2123 2.3868
16.918 990.16 94.55 25369 1.4776 -5.7913e-06 1.7757 -0.2123 2.3868
17.049 1002.6 95.234 25350 1.4764 -5.3772e-06 1.7759 -0.21229 2.3868
17.081 1005.6 95.401 25346 1.4761 -5.1943e-06 1.776 -0.21229 2.3868
17.185 1015.5 95.944 25331 1.4751 -4.426e-06 1.7761 -0.21229 2.3868
17.409 1037.1 97.118 25298 1.4731 -2.0068e-06 1.7764 -0.21229 2.3868
17.709 1066.3 98.695 25255 1.4704 0 1.7768 -0.21229 2.3868
18.025 1097.5 100.36 25210 1.4675 -1.6579e-06 1.7772 -0.21229 2.3868
18.294 1124.5 101.78 25171 1.4649 -4.6916e-06 1.7775 -0.21229 2.3868
18.463 1141.7 102.68 25147 1.4633 -6.2354e-06 1.7777 -0.21229 2.3868
18.504 1146 102.9 25141 1.4629 -6.4052e-06 1.7778 -0.21229 2.3868
18.608 1156.7 103.45 25126 1.4619 -6.7376e-06 1.7779 -0.21229 2.3868
18.833 1179.9 104.64 25093 1.4597 -6.4186e-06 1.7781 -0.21229 2.3868
19.133 1211.3 106.24 25050 1.4568 -5.6201e-06 1.7785 -0.21229 2.3868
19.448 1244.8 107.93 25005 1.4537 -6.4814e-06 1.7788 -0.21229 2.3868
19.717 1273.8 109.37 24966 1.451 -8.1249e-06 1.7791 -0.21229 2.3868
19.886 1292.3 110.28 24942 1.4494 -8.7346e-06 1.7793 -0.21229 2.3868
19.928 1296.8 110.5 24936 1.4489 -8.6801e-06 1.7794 -0.21229 2.3868
20.032 1308.3 111.06 24921 1.4479 -8.4693e-06 1.7795 -0.21229 2.3868
20.256 1333.2 112.28 24888 1.4456 -7.1326e-06 1.7797 -0.21229 2.3868
20.556 1366.8 113.9 24845 1.4426 -5.5119e-06 1.78 -0.21229 2.3868
20.872 1402.7 115.61 24800 1.4393 -6.2228e-06 1.7803 -0.21229 2.3868
21.14 1433.7 117.08 24761 1.4365 -8.0145e-06 1.7806 -0.21229 2.3868
21.309 1453.4 118 24736 1.4348 -8.727e-06 1.7808 -0.21229 2.3868
21.351 1458.3 118.23 24730 1.4343 -8.7079e-06 1.7808 -0.21229 2.3868
21.455 1470.5 118.8 24715 1.4332 -8.574e-06 1.7809 -0.21229 2.3868
21.68 1497 120.03 24683 1.4309 -7.3167e-06 1.7811 -0.21229 2.3868
21.979 1532.9 121.68 24640 1.4277 -5.6187e-06 1.7814 -0.21229 2.3868
22.295 1571.2 123.43 24594 1.4243 -6.1675e-06 1.7817 -0.21228 2.3868
22.564 1604.2 124.92 24556 1.4214 -7.3464e-06 1.7819 -0.21228 2.3868
22.733 1625.1 125.86 24531 1.4196 -7.2499e-06 1.7821 -0.21228 2.3868
22.775 1630.3 126.09 24525 1.4192 -7.0092e-06 1.7821 -0.21228 2.3868
23.055 1665.5 127.65 24485 1.4161 -4.8415e-06 1.7823 -0.21228 2.3868
23.642 1740.4 130.94 24401 1.4097 -2.2129e-06 1.7828 -0.21228 2.3868
24.375 1836.6 135.08 24295 1.4016 -2.1273e-06 1.7834 -0.21228 2.3868
25.058 1928.8 138.97 24197 1.3939 -2.8701e-06 1.7839 -0.21228 2.3868
25.508 1990.9 141.56 24132 1.3888 -6.0372e-06 1.7843 -0.21227 2.3868
25.621 2006.7 142.21 24115 1.3875 -6.6097e-06 1.7843 -0.21227 2.3868
25.829 2035.9 143.41 24085 1.3851 -5.7552e-06 1.7845 -0.21227 2.3868
26.278 2099.7 146.01 24021 1.38 -2.7662e-06 1.7848 -0.21227 2.3868
26.878 2186.6 149.51 23934 1.3731 -3.0376e-06 1.7852 -0.21227 2.3868
27.509 2280.2 153.22 23844 1.3657 -2.7601e-06 1.7856 -0.21226 2.3868
28.047 2361.7 156.41 23766 1.3595 -4.2179e-06 1.786 -0.21226 2.3868
28.385 2413.7 158.42 23717 1.3555 -6.8488e-06 1.7862 -0.21226 2.3868
28.468 2426.6 158.92 23705 1.3545 -5.9873e-06 1.7863 -0.21226 2.3868
28.884 2491.7 161.42 23646 1.3497 -3.2279e-06 1.7865 -0.21226 2.3868
29.782 2635.3 166.85 23516 1.3391 -1.4066e-06 1.787 -0.21225 2.3868
30.981 2833.9 174.22 23344 1.325 -1.296e-06 1.7877 -0.21225 2.3868
32.243 3051.6 182.11 23162 1.3101 -1.2239e-06 1.7884 -0.21224 2.3868
33.319 3244.1 188.94 23007 1.2975 -1.9148e-06 1.7889 -0.21223 2.3868
33.995 3368.4 193.29 22910 1.2896 -3.7532e-06 1.7893 -0.21222 2.3868
34.162 3399.4 194.38 22886 1.2876 -6.3057e-06 1.7894 -0.21222 2.3868
34.37 3438.4 195.73 22856 1.2852 -5.7509e-06 1.7895 -0.21222 2.3868
34.819 3523.3 198.65 22792 1.28 -2.7773e-06 1.7897 -0.21222 2.3868
35.418 3638.4 202.59 22705 1.2731 -2.3765e-06 1.7899 -0.21221 2.3868
36.049 3761.7 206.77 22615 1.2658 -2.6089e-06 1.7902 -0.21221 2.3868
36.587 3868.6 210.36 22537 1.2596 -3.3819e-06 1.7905 -0.2122 2.3868
36.925 3936.6 212.63 22489 1.2558 -6.2866e-06 1.7906 -0.2122 2.3868
37.009 3953.5 213.19 22477 1.2548 -6.1777e-06 1.7907 -0.2122 2.3868
37.208 3993.9 214.54 22448 1.2525 -5.8089e-06 1.7907 -0.21219 2.3868
37.602 4074.6 217.2 22391 1.2481 -3.8172e-06 1.7909 -0.21219 2.3868
38.038 4165.1 220.17 22329 1.2431 -4.4125e-06 1.7911 -0.21218 2.3868
38.351 4230.6 222.31 22284 1.2396 -5.9961e-06 1.7912 -0.21218 2.3868
38.432 4247.7 222.87 22272 1.2387 -5.6582e-06 1.7913 -0.21218 2.3868
38.734 4311.6 224.94 22228 1.2353 -3.872e-06 1.7914 -0.21218 2.3868
39.273 4426.8 228.66 22151 1.2293 -2.7401e-06 1.7916 -0.21217 2.3868
39.73 4525.8 231.83 22085 1.2242 -5.6214e-06 1.7918 -0.21217 2.3868
39.856 4553.3 232.7 22067 1.2228 -6.2711e-06 1.7918 -0.21216 2.3868
39.996 4584.1 233.68 22047 1.2212 -5.8859e-06 1.7919 -0.21216 2.3868
40.289 4648.7 235.72 22005 1.218 -4.4909e-06 1.792 -0.21216 2.3868
40.656 4730.1 238.29 21952 1.2139 -4.5551e-06 1.7921 -0.21215 2.3868
40.997 4806.7 240.69 21903 1.2101 -6.8296e-06 1.7923 -0.21215 2.3868
41.222 4857.6 242.27 21871 1.2076 -7.6128e-06 1.7924 -0.21215 2.3868
41.279 4870.4 242.67 21863 1.207 -7.6099e-06 1.7924 -0.21215 2.3868
41.419 4902.3 243.66 21842 1.2054 -7.2124e-06 1.7924 -0.21214 2.3868
41.713 4969.2 245.73 21800 1.2022 -5.3729e-06 1.7925 -0.21214 2.3868
42.079 5053.6 248.32 21748 1.1982 -4.5354e-06 1.7927 -0.21214 2.3868
42.421 5133 250.74 21698 1.1944 -6.329e-06 1.7928 -0.21213 2.3868
42.646 5185.6 252.34 21666 1.1919 -7.0018e-06 1.7929 -0.21213 2.3868
42.702 5198.9 252.74 21658 1.1913 -6.9853e-06 1.7929 -0.21213 2.3868
42.83 5228.8 253.65 21640 1.1899 -6.5606e-06 1.7929 -0.21212 2.3868
43.113 5295.9 255.66 21599 1.1867 -4.6594e-06 1.7931 -0.21212 2.3868
43.519 5392.4 258.55 21541 1.1823 -3.1023e-06 1.7932 -0.21211 2.3868
43.997 5507.5 261.96 21472 1.1769 -3.3186e-06 1.7934 -0.21211 2.3868
44.49 5627.5 265.47 21401 1.1714 -3.5504e-06 1.7935 -0.2121 2.3868
44.939 5737.8 268.67 21336 1.1664 -4.1967e-06 1.7937 -0.21209 2.3868
45.289 5824.6 271.16 21286 1.1625 -5.4494e-06 1.7938 -0.21209 2.3868
45.499 5876.8 272.65 21256 1.1601 -6.0247e-06 1.7939 -0.21208 2.3868
45.549 5889.5 273.01 21249 1.1595 -5.7959e-06 1.7939 -0.21208 2.3868
45.815 5956 274.9 21211 1.1565 -4.8795e-06 1.794 -0.21208 2.3868
46.34 6088.9 278.62 21135 1.1505 -3.0964e-06 1.7942 -0.21207 2.3868
46.922 6237.8 282.74 21052 1.1437 -3.9869e-06 1.7943 -0.21206 2.3868
47.339 6345.6 285.67 20992 1.1388 -6.2816e-06 1.7945 -0.21205 2.3868
47.447 6373.7 286.43 20976 1.1375 -6.6477e-06 1.7945 -0.21205 2.3868
47.712 6442.9 288.29 20938 1.1344 -6.6767e-06 1.7946 -0.21204 2.3868
48.237 6580.7 291.95 20863 1.128 -6.0147e-06 1.7948 -0.21203 2.3868
48.82 6735.1 295.98 20779 1.1209 -6.2178e-06 1.7949 -0.21202 2.3868
49.237 6846.6 298.85 20719 1.1156 -6.5674e-06 1.7951 -0.21201 2.3868
49.345 6875.7 299.59 20704 1.1143 -6.1848e-06 1.7951 -0.21201 2.3868
49.61 6947.2 301.39 20665 1.1109 -4.1952e-06 1.7952 -0.21201 2.3868
50.135 7089.6 305 20590 1.1042 -2.8592e-07 1.7953 -0.212 2.3868
50.718 7249 308.98 20506 1.0966 -3.1628e-06 1.7955 -0.21198 2.3868
51.135 7363.9 311.74 20447 1.0909 -8.2663e-06 1.7956 -0.21197 2.3868
51.243 7393.9 312.46 20431 1.0895 -8.5604e-06 1.7957 -0.21197 2.3867
51.442 7449.1 313.78 20402 1.0867 -8.2161e-06 1.7957 -0.21197 2.3867
51.836 7558.8 316.37 20346 1.0813 -3.691e-06 1.7958 -0.21196 2.3867
52.272 7681 319.23 20283 1.0751 -9.4973e-08 1.7959 -0.21195 2.3867
52.585 7769 321.26 20238 1.0706 -2.5033e-06 1.796 -0.21194 2.3867
52.666 7792 321.79 20227 1.0694 -3.2595e-06 1.7961 -0.21194 2.3867
52.817 7834.6 322.77 20205 1.0672 -4.8693e-06 1.7961 -0.21194 2.3867
53.087 7910.9 324.51 20166 1.0633 -8.0593e-06 1.7962 -0.21193 2.3867
53.315 7975.7 325.98 20134 1.06 -1.0884e-05 1.7962 -0.21192 2.3867
53.378 7993.6 326.38 20124 1.059 -1.1577e-05 1.7962 -0.21192 2.3867
53.529 8036.7 327.35 20103 1.0568 -1.3048e-05 1.7963 -0.21192 2.3867
53.798 8113.5 329.07 20064 1.0528 -1.4111e-05 1.7964 -0.21191 2.3867
54.027 8178.9 330.53 20031 1.0493 -1.2657e-05 1.7964 -0.21191 2.3867
54.09 8197 330.93 20022 1.0484 -1.1861e-05 1.7964 -0.2119 2.3867
54.289 8254.1 332.2 19994 1.0454 -8.4685e-06 1.7965 -0.2119 2.3867
54.682 8367.5 334.7 19937 1.0393 -4.8805e-08 1.7966 -0.21189 2.3867
55.119 8493.7 337.46 19875 1.0326 -4.745e-09 1.7967 -0.21188 2.3867
55.432 8584.5 339.44 19830 1.0277 -1.0979e-05 1.7968 -0.21187 2.3867
55.513 8608.1 339.96 19818 1.0264 -1.4684e-05 1.7968 -0.21187 2.3867
55.548 8618.3 340.18 19813 1.0258 -1.6454e-05 1.7968 -0.21187 2.3867
55.622 8639.7 340.64 19802 1.0247 -2.0251e-05 1.7968 -0.21186 2.3867
55.713 8666.3 341.22 19789 1.0232 -2.5284e-05 1.7968 -0.21186 2.3867
55.799 8691.2 341.76 19777 1.0219 -3.0323e-05 1.7969 -0.21186 2.3867
55.855 8707.7 342.11 19769 1.021 -3.3819e-05 1.7969 -0.21186 2.3867
55.869 8711.8 342.2 19767 1.0208 -3.4713e-05 1.7969 -0.21186 2.3867
55.904 8722 342.42 19762 1.0202 -3.6944e-05 1.7969 -0.21186 2.3867
55.977 8743.4 342.89 19751 1.019 -4.1789e-05 1.7969 -0.21186 2.3867
56.069 8770.2 343.46 19738 1.0176 -4.8368e-05 1.7969 -0.21185 2.3867
56.154 8795.1 344 19726 1.0162 -5.5122e-05 1.797 -0.21185 2.3867
56.211 8811.6 344.36 19718 1.0153 -5.988e-05 1.797 -0.21185 2.3867
56.225 8815.8 344.45 19716 1.0151 -6.1102e-05 1.797 -0.21185 2.3867
56.277 8831 344.78 19708 1.0142 -6.5665e-05 1.797 -0.21185 2.3867
56.389 8863.8 345.48 19692 1.0124 -7.6578e-05 1.797 -0.21184 2.3867
56.539 8907.8 346.43 19671 1.01 -9.4837e-05 1.797 -0.21184 2.3867
56.697 8954.1 347.43 19648 1.0075 -0.00011992 1.7971 -0.21184 2.3867
56.831 8993.6 348.28 19629 1.0053 -0.00014635 1.7971 -0.21183 2.3867
56.916 9018.5 348.81 19617 1.0039 -0.00016494 1.7971 -0.21183 2.3867
56.937 9024.6 348.94 19614 1.0035 -0.00016969 1.7971 -0.21183 2.3867
57.334 9141.9 351.47 19557 0.99701 -0.00028834 1.7972 -0.21182 2.3867
58.122 9375 356.49 19444 0.98383 -0.00074651 1.7974 -0.21179 2.3867
58.995 9635 362.14 19318 0.96879 -0.0016231 1.7976 -0.21177 2.3867
59.621 9822 366.27 19228 0.95768 -0.0024722 1.7978 -0.21175 2.3867
59.783 9870.7 367.36 19205 0.95475 -0.0027276 1.7978 -0.21174 2.3867
60.181 9990.2 370.04 19148 0.94749 -0.0033851 1.7979 -0.21173 2.3867
60.969 10227 375.49 19035 0.93274 -0.0048982 1.798 -0.2117 2.3867
61.842 10491 381.75 18910 0.91579 -0.006805 1.7982 -0.21167 2.3867
62.468 10681 386.39 18820 0.90328 -0.0081526 1.7984 -0.21165 2.3867
62.63 10730 387.62 18797 0.89999 -0.0084935 1.7984 -0.21164 2.3867
63.235 10914 392.27 18710 0.88759 -0.0097052 1.7985 -0.21162 2.3867
64.311 11242 400.88 18556 0.8651 -0.011466 1.7987 -0.21158 2.3867
65.225 11521 408.55 18425 0.84578 -0.012519 1.7989 -0.21154 2.3866
65.477 11598 410.72 18388 0.84044 -0.012764 1.7989 -0.21153 2.3866
66.082 11783 416.02 18302 0.82765 -0.013258 1.799 -0.21151 2.3866
67.158 12113 425.8 18147 0.80502 -0.013784 1.7992 -0.21146 2.3866
68.072 12394 434.44 18016 0.78615 -0.013849 1.7994 -0.21142 2.3866
68.324 12471 436.87 17980 0.78101 -0.013828 1.7994 -0.2114 2.3866
68.727 12595 440.82 17922 0.77288 -0.013758 1.7995 -0.21139 2.3866
69.445 12816 447.98 17819 0.75866 -0.01354 1.7996 -0.21135 2.3866
70.054 13004 454.21 17732 0.74688 -0.013269 1.7997 -0.21132 2.3866
70.222 13056 455.95 17708 0.74368 -0.013191 1.7997 -0.21131 2.3866
70.625 13181 460.17 17650 0.7361 -0.013001 1.7998 -0.21129 2.3866
71.343 13403 467.84 17547 0.7229 -0.012705 1.7999 -0.21125 2.3866
71.952 13591 474.5 17460 0.71202 -0.012559 1.8 -0.21122 2.3866
72.12 13643 476.37 17436 0.70906 -0.012544 1.8 -0.21121 2.3866
72.385 13726 479.33 17398 0.70444 -0.012533 1.8 -0.2112 2.3866
72.91 13889 485.29 17323 0.69542 -0.012602 1.8001 -0.21117 2.3866
73.492 14070 492.03 17239 0.68563 -0.012837 1.8002 -0.21113 2.3866
73.909 14200 496.95 17179 0.67873 -0.013099 1.8002 -0.21111 2.3865
74.018 14234 498.24 17164 0.67695 -0.013184 1.8002 -0.2111 2.3865
74.283 14317 501.42 17126 0.67262 -0.013405 1.8003 -0.21109 2.3865
74.808 14481 507.81 17051 0.66415 -0.013941 1.8003 -0.21105 2.3865
75.39 14663 515.05 16967 0.65487 -0.014697 1.8004 -0.21102 2.3865
75.807 14794 520.33 16907 0.6483 -0.015337 1.8005 -0.21099 2.3865
75.915 14828 521.72 16892 0.6466 -0.015519 1.8005 -0.21098 2.3865
76.446 14995 528.58 16816 0.6383 -0.016485 1.8006 -0.21095 2.3865
77.496 15326 542.56 16665 0.62199 -0.018809 1.8007 -0.21088 2.3865
78.66 15695 558.66 16498 0.60388 -0.022028 1.8008 -0.2108 2.3865
79.494 15960 570.58 16379 0.59078 -0.024746 1.8009 -0.21074 2.3865
79.711 16029 573.74 16348 0.58734 -0.025509 1.801 -0.21073 2.3865
80.242 16198 581.55 16272 0.57887 -0.027474 1.801 -0.21069 2.3864
81.292 16532 597.44 16121 0.56178 -0.03177 1.8011 -0.21061 2.3864
82.456 16902 615.75 15954 0.54223 -0.037181 1.8013 -0.21052 2.3864
83.29 17167 629.36 15835 0.52783 -0.041452 1.8013 -0.21045 2.3864
83.507 17236 632.98 15804 0.52403 -0.042604 1.8014 -0.21043 2.3864
84.038 17403 641.95 15728 0.51466 -0.045398 1.8014 -0.21039 2.3864
85.088 17734 660.3 15577 0.49594 -0.05055 1.8015 -0.21029 2.3863
86.252 18099 681.62 15410 0.47526 -0.055596 1.8016 -0.21019 2.3863
87.086 18358 697.53 15291 0.4607 -0.058829 1.8017 -0.21011 2.3863
87.303 18425 701.75 15260 0.45696 -0.059601 1.8017 -0.21009 2.3863
87.833 18589 712.23 15184 0.44791 -0.061412 1.8018 -0.21004 2.3863
88.883 18912 733.61 15033 0.43042 -0.064587 1.8019 -0.20993 2.3863
90.048 19267 758.24 14866 0.41168 -0.067468 1.802 -0.20981 2.3862
90.882 19519 776.46 14747 0.39865 -0.069121 1.802 -0.20972 2.3862
91.099 19584 781.27 14716 0.39531 -0.069494 1.8021 -0.2097 2.3862
91.496 19704 790.18 14659 0.38923 -0.070126 1.8021 -0.20966 2.3862
92.284 19939 808.12 14546 0.37738 -0.071154 1.8022 -0.20957 2.3862
93.157 20198 828.44 14421 0.36447 -0.071933 1.8022 -0.20946 2.3862
93.783 20382 843.28 14331 0.35535 -0.072275 1.8023 -0.20939 2.3861
93.945 20430 847.17 14308 0.353 -0.072336 1.8023 -0.20937 2.3861
94.343 20546 856.76 14251 0.34727 -0.072461 1.8023 -0.20932 2.3861
95.131 20775 875.99 14138 0.33601 -0.072585 1.8024 -0.20922 2.3861
96.004 21026 897.71 14013 0.32362 -0.072578 1.8024 -0.20911 2.3861
96.63 21203 913.51 13923 0.31478 -0.072505 1.8025 -0.20903 2.386
96.792 21249 917.65 13900 0.31248 -0.07247 1.8025 -0.20901 2.386
97.588 21472 938.09 13786 0.30124 -0.072203 1.8025 -0.2089 2.386
99.163 21904 979.41 13560 0.27889 -0.070909 1.8026 -0.20868 2.386
100.91 22365 1026.5 13310 0.25391 -0.068059 1.8027 -0.20842 2.3859
102.16 22682 1060.9 13131 0.23593 -0.065103 1.8028 -0.20823 2.3859
102.49 22762 1070 13084 0.23125 -0.064205 1.8028 -0.20818 2.3858
103.05 22898 1085.7 13004 0.22319 -0.062539 1.8029 -0.20809 2.3858
104.22 23174 1118.9 12836 0.20643 -0.058558 1.8029 -0.2079 2.3858
105.69 23499 1161.2 12626 0.18595 -0.052627 1.803 -0.20765 2.3857
107.05 23783 1201.6 12430 0.16775 -0.046147 1.803 -0.20741 2.3857
107.95 23959 1228.9 12301 0.15645 -0.041372 1.8031 -0.20724 2.3856
108.18 24003 1235.8 12269 0.15371 -0.040108 1.8031 -0.2072 2.3856
108.74 24107 1253.2 12188 0.14713 -0.036871 1.8031 -0.20709 2.3856
109.91 24316 1290.2 12020 0.13442 -0.029601 1.8032 -0.20687 2.3855
111.38 24561 1337.5 11810 0.12091 -0.019552 1.8032 -0.20658 2.3855
112.75 24776 1381.9 11615 0.1112 -0.0092221 1.8033 -0.2063 2.3854
113.65 24912 1410.6 11486 0.10662 -0.0019039 1.8033 -0.20611 2.3853
113.87 24946 1417.7 11453 0.10573 0 1.8033 -0.20606 2.3853
