time (s) altitude (m) velocity (m/s) mass (kg)trajectory angle (rad) angle of attack (rad) heading angle (rad) latitude (rad)
0 90 15 27787 1.5691 0 1.6537 -0.2123 2.3868
0.2649 94.12 16.107 27749 1.5686 -1.0048e-08 1.6676 -0.2123 2.3868
0.78926 103.14 18.311 27673 1.5677 -1.0405e-08 1.6877 -0.2123 2.3868
1.3707 114.5 20.777 27590 1.5666 -1.874e-08 1.7035 -0.2123 2.3868
1.7872 123.53 22.558 27529 1.5656 -3.9321e-08 1.7121 -0.2123 2.3868
1.8954 126 23.023 27514 1.5654 -2.3712e-07 1.7141 -0.2123 2.3868
2.2979 135.61 24.757 27456 1.5644 -2.5554e-08 1.7209 -0.2123 2.3868
3.0147 154.47 27.874 27352 1.5624 -3.4802e-08 1.7306 -0.2123 2.3868
3.6229 172.23 30.545 27265 1.5605 -6.7175e-08 1.7373 -0.2123 2.3868
3.7908 177.42 31.286 27240 1.56 -1.7372e-07 1.739 -0.2123 2.3868
4.5957 204.04 34.868 27124 1.5571 -3.7176e-08 1.7459 -0.2123 2.3868
6.0294 258.66 41.35 26918 1.5513 -5.2285e-08 1.7553 -0.2123 2.3868
7.2458 312.34 46.955 26742 1.5456 -1.2142e-07 1.7614 -0.2123 2.3868
7.5816 328.36 48.518 26694 1.5439 -5.5866e-07 1.7629 -0.2123 2.3868
8.3865 368.92 52.296 26578 1.5397 -1.0715e-07 1.7661 -0.2123 2.3868
9.8202 448.72 59.124 26371 1.5314 -1.3103e-07 1.7708 -0.2123 2.3868
11.037 524.14 65.018 26196 1.5237 -2.3817e-07 1.7742 -0.2123 2.3868
11.372 546.23 66.661 26147 1.5215 -7.4829e-06 1.775 -0.2123 2.3868
11.476 553.17 67.17 26132 1.5208 -6.0697e-06 1.7753 -0.2123 2.3868
11.7 568.33 68.273 26100 1.5193 -2.8746e-06 1.7758 -0.2123 2.3868
12 588.96 69.749 26057 1.5172 -3.5308e-07 1.7765 -0.2123 2.3868
12.315 611.15 71.309 26011 1.515 -1.015e-06 1.7772 -0.2123 2.3868
12.583 630.45 72.642 25973 1.5131 -2.9209e-06 1.7777 -0.2123 2.3868
12.752 642.76 73.483 25948 1.5119 -3.665e-06 1.7781 -0.2123 2.3868
12.794 645.83 73.69 25942 1.5116 -3.6425e-06 1.7782 -0.2123 2.3868
12.898 653.49 74.209 25927 1.5108 -3.4921e-06 1.7784 -0.2123 2.3868
13.122 670.22 75.329 25895 1.5092 -2.1757e-06 1.7788 -0.2123 2.3868
13.421 692.95 76.83 25852 1.5069 -4.3301e-07 1.7794 -0.2123 2.3868
13.736 717.36 78.415 25806 1.5045 -1.1457e-06 1.78 -0.2123 2.3868
14.005 738.55 79.771 25768 1.5025 -3.0215e-06 1.7805 -0.2123 2.3868
14.174 752.06 80.625 25743 1.5011 -3.7388e-06 1.7808 -0.2123 2.3868
14.215 755.42 80.836 25737 1.5008 -3.7192e-06 1.7809 -0.2123 2.3868
14.319 763.82 81.363 25722 1.5 -3.5822e-06 1.7811 -0.2123 2.3868
14.544 782.14 82.502 25690 1.4982 -2.2468e-06 1.7815 -0.2123 2.3868
14.843 806.99 84.026 25647 1.4958 -4.9409e-07 1.782 -0.2123 2.3868
15.158 833.65 85.637 25601 1.4932 -1.5542e-06 1.7825 -0.2123 2.3868
15.427 856.76 87.014 25563 1.491 -3.6344e-06 1.7829 -0.2123 2.3868
15.595 871.48 87.882 25538 1.4896 -4.2751e-06 1.7832 -0.2123 2.3868
15.637 875.13 88.097 25532 1.4892 -4.2508e-06 1.7832 -0.2123 2.3868
15.836 892.68 89.121 25504 1.4875 -3.521e-06 1.7835 -0.2123 2.3868
16.229 928 91.154 25447 1.4841 -5.4134e-07 1.7841 -0.2123 2.3868
16.665 968.08 93.419 25384 1.4803 -1.5546e-06 1.7847 -0.2123 2.3868
16.977 997.39 95.048 25339 1.4775 -4.3286e-06 1.7852 -0.2123 2.3868
17.059 1005.1 95.472 25328 1.4768 -4.1838e-06 1.7853 -0.21229 2.3868
17.257 1024.1 96.512 25299 1.475 -3.5694e-06 1.7855 -0.21229 2.3868
17.651 1062.3 98.577 25242 1.4714 -7.0462e-07 1.786 -0.21229 2.3868
18.087 1105.5 100.88 25179 1.4674 -1.2983e-06 1.7866 -0.21229 2.3868
18.399 1137.1 102.53 25134 1.4644 -3.9546e-06 1.787 -0.21229 2.3868
18.48 1145.4 102.96 25123 1.4636 -3.9172e-06 1.7871 -0.21229 2.3868
18.584 1156.1 103.51 25108 1.4627 -3.8937e-06 1.7872 -0.21229 2.3868
18.808 1179.3 104.71 25075 1.4605 -2.9394e-06 1.7874 -0.21229 2.3868
19.107 1210.6 106.31 25032 1.4576 -1.4458e-06 1.7878 -0.21229 2.3868
19.423 1244.2 107.99 24987 1.4545 -2.1559e-06 1.7881 -0.21229 2.3868
19.691 1273.2 109.44 24948 1.4519 -3.6891e-06 1.7884 -0.21229 2.3868
19.86 1291.6 110.35 24924 1.4502 -4.0581e-06 1.7886 -0.21229 2.3868
19.902 1296.2 110.57 24918 1.4498 -4.0142e-06 1.7887 -0.21229 2.3868
20.1 1318.1 111.65 24889 1.4478 -3.2674e-06 1.7889 -0.21229 2.3868
20.494 1362.1 113.78 24833 1.4439 -8.0767e-07 1.7893 -0.21229 2.3868
20.93 1411.8 116.15 24770 1.4394 -2.1295e-06 1.7897 -0.21229 2.3868
21.242 1448 117.86 24725 1.4362 -4.625e-06 1.79 -0.21229 2.3868
21.323 1457.5 118.3 24713 1.4353 -4.4707e-06 1.7901 -0.21229 2.3868
21.522 1480.9 119.39 24684 1.4333 -3.8562e-06 1.7903 -0.21229 2.3868
21.915 1527.8 121.56 24628 1.4292 -1.2285e-06 1.7906 -0.21229 2.3868
22.351 1580.8 123.97 24565 1.4245 -1.8122e-06 1.791 -0.21228 2.3868
22.664 1619.4 125.71 24520 1.4212 -4.1176e-06 1.7913 -0.21228 2.3868
22.745 1629.5 126.16 24508 1.4203 -4.0302e-06 1.7914 -0.21228 2.3868
22.885 1647 126.94 24488 1.4188 -3.9083e-06 1.7915 -0.21228 2.3868
23.178 1684 128.58 24446 1.4157 -2.4804e-06 1.7918 -0.21228 2.3868
23.544 1730.8 130.63 24393 1.4117 -1.8004e-06 1.7921 -0.21228 2.3868
23.885 1775.1 132.56 24344 1.408 -3.755e-06 1.7923 -0.21228 2.3868
24.11 1804.7 133.83 24312 1.4055 -4.4546e-06 1.7925 -0.21228 2.3868
24.166 1812.2 134.15 24304 1.4049 -4.4367e-06 1.7926 -0.21228 2.3868
24.365 1838.6 135.28 24275 1.4027 -3.7363e-06 1.7927 -0.21228 2.3868
24.758 1891.4 137.52 24218 1.3983 -1.3083e-06 1.793 -0.21228 2.3868
25.194 1951 140.01 24155 1.3934 -1.9921e-06 1.7933 -0.21228 2.3868
25.507 1994.3 141.81 24111 1.3899 -3.6961e-06 1.7936 -0.21227 2.3868
25.588 2005.7 142.28 24099 1.389 -3.3831e-06 1.7936 -0.21227 2.3868
25.868 2045.1 143.9 24058 1.3858 -2.3013e-06 1.7938 -0.21227 2.3868
26.454 2128.8 147.3 23974 1.3792 -1.2919e-06 1.7943 -0.21227 2.3868
27.186 2236.2 151.59 23869 1.3708 -9.693e-07 1.7947 -0.21227 2.3868
27.868 2338.8 155.63 23771 1.3629 -1.3266e-06 1.7952 -0.21226 2.3868
28.318 2407.8 158.31 23706 1.3577 -3.8276e-06 1.7955 -0.21226 2.3868
28.431 2425.4 158.99 23689 1.3564 -3.9771e-06 1.7955 -0.21226 2.3868
28.711 2469.1 160.67 23649 1.3532 -2.4976e-06 1.7957 -0.21226 2.3868
29.297 2561.9 164.2 23565 1.3464 -8.2372e-07 1.7961 -0.21226 2.3868
30.029 2680.6 168.66 23459 1.3378 -1.3815e-06 1.7965 -0.21225 2.3868
30.711 2793.8 172.86 23361 1.3299 -1.1115e-06 1.7969 -0.21225 2.3868
31.161 2869.9 175.64 23297 1.3246 -3.3901e-06 1.7971 -0.21224 2.3868
31.274 2889.2 176.35 23280 1.3233 -4.1627e-06 1.7972 -0.21224 2.3868
31.414 2913.2 177.22 23260 1.3217 -4.0753e-06 1.7973 -0.21224 2.3868
31.707 2963.7 179.05 23218 1.3183 -2.5807e-06 1.7974 -0.21224 2.3868
32.073 3027.6 181.35 23165 1.314 -1.574e-06 1.7976 -0.21224 2.3868
32.414 3087.7 183.51 23116 1.31 -3.3817e-06 1.7978 -0.21224 2.3868
32.639 3127.7 184.93 23084 1.3074 -4.226e-06 1.7979 -0.21223 2.3868
32.696 3137.9 185.29 23076 1.3068 -4.2639e-06 1.798 -0.21223 2.3868
32.836 3163 186.18 23055 1.3051 -4.1036e-06 1.798 -0.21223 2.3868
33.129 3215.8 188.05 23013 1.3018 -2.6425e-06 1.7982 -0.21223 2.3868
33.495 3282.5 190.4 22961 1.2975 -1.5784e-06 1.7984 -0.21223 2.3868
33.836 3345.4 192.59 22912 1.2936 -2.9345e-06 1.7985 -0.21223 2.3868
34.061 3387.2 194.05 22879 1.291 -3.6748e-06 1.7986 -0.21222 2.3868
34.117 3397.8 194.42 22871 1.2903 -3.7552e-06 1.7987 -0.21222 2.3868
34.25 3422.6 195.28 22852 1.2888 -3.7343e-06 1.7987 -0.21222 2.3868
34.512 3471.9 196.98 22814 1.2858 -3.1883e-06 1.7988 -0.21222 2.3868
34.802 3527.1 198.88 22773 1.2825 -2.9367e-06 1.799 -0.21222 2.3868
35.011 3567 200.25 22743 1.2801 -3.1708e-06 1.7991 -0.21222 2.3868
35.065 3577.3 200.6 22735 1.2795 -3.1363e-06 1.7991 -0.21221 2.3868
35.197 3602.8 201.47 22716 1.2779 -3.0623e-06 1.7992 -0.21221 2.3868
35.459 3653.6 203.2 22678 1.2749 -3.0326e-06 1.7993 -0.21221 2.3868
35.75 3710.4 205.12 22636 1.2716 -3.7816e-06 1.7994 -0.21221 2.3868
35.958 3751.3 206.51 22606 1.2693 -4.2741e-06 1.7995 -0.21221 2.3868
36.013 3762 206.87 22598 1.2687 -4.2139e-06 1.7995 -0.21221 2.3868
36.097 3778.7 207.43 22586 1.2677 -4.0911e-06 1.7996 -0.21221 2.3868
36.286 3816.2 208.69 22559 1.2656 -3.2955e-06 1.7997 -0.2122 2.3868
36.556 3870.2 210.49 22520 1.2625 -1.4879e-06 1.7998 -0.2122 2.3868
36.875 3934.3 212.68 22474 1.2591 -2.8395e-07 1.7999 -0.2122 2.3868
37.203 4001.1 214.96 22427 1.2556 -1.0866e-06 1.8001 -0.21219 2.3868
37.502 4062.4 216.97 22384 1.2522 -2.8614e-06 1.8002 -0.21219 2.3868
37.735 4110.6 218.56 22351 1.2496 -3.7045e-06 1.8003 -0.21219 2.3868
37.874 4139.6 219.5 22331 1.248 -3.635e-06 1.8004 -0.21219 2.3868
37.908 4146.6 219.73 22326 1.2477 -3.5536e-06 1.8004 -0.21219 2.3868
38.109 4188.6 221.11 22297 1.2454 -2.7919e-06 1.8005 -0.21218 2.3868
38.468 4264.1 223.56 22245 1.2414 -2.124e-06 1.8006 -0.21218 2.3868
38.772 4328.7 225.65 22202 1.2381 -3.6024e-06 1.8007 -0.21218 2.3868
38.856 4346.6 226.23 22190 1.2371 -4.2586e-06 1.8008 -0.21218 2.3868
38.925 4361.4 226.7 22180 1.2364 -4.6118e-06 1.8008 -0.21218 2.3868
39.074 4393.5 227.73 22158 1.2347 -5.1744e-06 1.8009 -0.21217 2.3868
39.274 4436.5 229.11 22129 1.2325 -5.4885e-06 1.8009 -0.21217 2.3868
39.484 4482 230.57 22099 1.2302 -5.3872e-06 1.801 -0.21217 2.3868
39.663 4521 231.81 22073 1.2283 -4.8503e-06 1.8011 -0.21217 2.3868
39.776 4545.7 232.59 22057 1.227 -4.2564e-06 1.8011 -0.21217 2.3868
39.803 4551.7 232.78 22053 1.2267 -4.0831e-06 1.8011 -0.21217 2.3868
40.005 4596 234.18 22024 1.2245 -2.7084e-06 1.8012 -0.21216 2.3868
40.363 4675.3 236.69 21973 1.2206 -1.797e-06 1.8014 -0.21216 2.3868
40.667 4743.1 238.81 21929 1.2173 -3.5182e-06 1.8015 -0.21216 2.3868
40.751 4762 239.4 21917 1.2164 -4.1754e-06 1.8015 -0.21215 2.3868
40.82 4777.5 239.89 21907 1.2156 -4.5556e-06 1.8015 -0.21215 2.3868
40.97 4811.2 240.94 21886 1.214 -5.1699e-06 1.8016 -0.21215 2.3868
41.169 4856.4 242.34 21857 1.2118 -5.5575e-06 1.8017 -0.21215 2.3868
41.379 4904.2 243.82 21827 1.2095 -5.5877e-06 1.8018 -0.21215 2.3868
41.558 4945.1 245.08 21801 1.2076 -5.2237e-06 1.8018 -0.21214 2.3868
41.671 4970.9 245.88 21785 1.2063 -4.7567e-06 1.8019 -0.21214 2.3868
41.699 4977.3 246.07 21781 1.206 -4.6152e-06 1.8019 -0.21214 2.3868
41.831 5007.8 247.01 21762 1.2046 -3.8367e-06 1.8019 -0.21214 2.3868
42.093 5068.5 248.86 21724 1.2017 -2.2289e-06 1.802 -0.21214 2.3868
42.384 5136.2 250.92 21682 1.1986 -1.815e-06 1.8021 -0.21213 2.3868
42.592 5185 252.4 21652 1.1963 -2.4122e-06 1.8022 -0.21213 2.3868
42.646 5197.7 252.78 21645 1.1957 -2.4889e-06 1.8022 -0.21213 2.3868
42.779 5228.9 253.72 21626 1.1943 -2.705e-06 1.8023 -0.21213 2.3868
43.041 5290.9 255.58 21588 1.1914 -3.247e-06 1.8024 -0.21212 2.3868
43.332 5360.2 257.65 21546 1.1883 -4.4781e-06 1.8025 -0.21212 2.3868
43.54 5410.1 259.13 21516 1.186 -5.16e-06 1.8025 -0.21212 2.3868
43.594 5423.1 259.51 21508 1.1854 -5.1376e-06 1.8026 -0.21211 2.3868
43.701 5448.8 260.27 21493 1.1842 -5.0277e-06 1.8026 -0.21211 2.3868
43.936 5505.6 261.95 21459 1.1817 -3.9065e-06 1.8027 -0.21211 2.3868
44.263 5585 264.27 21412 1.1781 -1.8115e-06 1.8028 -0.2121 2.3868
44.631 5675.4 266.9 21359 1.174 -1.3641e-06 1.8029 -0.2121 2.3868
44.986 5763.1 269.42 21308 1.1701 -3.0661e-06 1.8031 -0.21209 2.3868
45.272 5834.3 271.46 21267 1.1669 -4.7163e-06 1.8032 -0.21209 2.3868
45.447 5878 272.7 21242 1.165 -4.9993e-06 1.8032 -0.21209 2.3868
45.49 5888.7 273 21236 1.1645 -4.9694e-06 1.8032 -0.21209 2.3868
45.691 5939.3 274.43 21207 1.1622 -4.4821e-06 1.8033 -0.21208 2.3868
46.049 6029.9 276.97 21156 1.1582 -3.3707e-06 1.8034 -0.21208 2.3868
46.353 6107.3 279.12 21112 1.1548 -3.2051e-06 1.8035 -0.21207 2.3868
46.437 6128.7 279.71 21100 1.1538 -3.2961e-06 1.8035 -0.21207 2.3868
46.638 6180.3 281.13 21071 1.1515 -3.0766e-06 1.8036 -0.21207 2.3868
46.997 6272.7 283.66 21019 1.1474 -3.1414e-06 1.8037 -0.21206 2.3868
47.301 6351.5 285.79 20976 1.1438 -3.6921e-06 1.8038 -0.21205 2.3868
47.385 6373.4 286.38 20964 1.1428 -3.7501e-06 1.8038 -0.21205 2.3868
47.586 6425.9 287.79 20935 1.1405 -3.4993e-06 1.8039 -0.21205 2.3868
47.945 6520 290.29 20883 1.1362 -3.1689e-06 1.804 -0.21204 2.3868
48.249 6600.3 292.4 20840 1.1326 -3.5071e-06 1.8041 -0.21204 2.3868
48.333 6622.5 292.98 20828 1.1316 -3.6378e-06 1.8041 -0.21203 2.3868
48.534 6676 294.37 20799 1.1291 -3.6233e-06 1.8042 -0.21203 2.3868
48.892 6771.7 296.84 20747 1.1247 -3.8079e-06 1.8043 -0.21202 2.3868
49.196 6853.3 298.93 20704 1.121 -4.0222e-06 1.8044 -0.21202 2.3868
49.28 6875.9 299.5 20691 1.1199 -3.9185e-06 1.8044 -0.21202 2.3868
49.683 6984.8 302.24 20634 1.1148 -2.3477e-06 1.8046 -0.21201 2.3868
50.4 7180.4 307.08 20531 1.1056 -1.5684e-06 1.8048 -0.21199 2.3868
51.008 7348.1 311.14 20443 1.0975 -4.9566e-06 1.805 -0.21198 2.3867
51.176 7394.7 312.25 20419 1.0953 -5.8948e-06 1.805 -0.21198 2.3867
51.377 7450.6 313.58 20390 1.0926 -5.9937e-06 1.8051 -0.21197 2.3867
51.735 7550.6 315.94 20339 1.0877 -5.7651e-06 1.8052 -0.21196 2.3867
52.039 7635.9 317.93 20295 1.0834 -5.542e-06 1.8052 -0.21196 2.3867
52.123 7659.5 318.48 20283 1.0823 -5.4913e-06 1.8053 -0.21196 2.3867
52.325 7716.2 319.79 20254 1.0794 -5.1188e-06 1.8053 -0.21195 2.3867
52.683 7817.4 322.11 20203 1.0744 -4.6602e-06 1.8054 -0.21194 2.3867
52.987 7903.7 324.08 20159 1.07 -4.6574e-06 1.8055 -0.21194 2.3867
53.071 7927.6 324.62 20147 1.0688 -4.6587e-06 1.8055 -0.21193 2.3867
53.474 8042.4 327.2 20089 1.0629 -5.3856e-06 1.8056 -0.21192 2.3867
54.19 8248.2 331.77 19986 1.0522 -9.5478e-06 1.8058 -0.21191 2.3867
54.799 8424 335.63 19899 1.043 -1.009e-05 1.806 -0.21189 2.3867
54.967 8472.7 336.69 19875 1.0404 -8.4555e-06 1.806 -0.21189 2.3867
55.06 8499.8 337.28 19862 1.039 -7.7495e-06 1.8061 -0.21188 2.3867
55.255 8556.6 338.52 19834 1.036 -6.3528e-06 1.8061 -0.21188 2.3867
55.499 8627.8 340.06 19799 1.0322 -5.7068e-06 1.8062 -0.21187 2.3867
55.727 8694.2 341.49 19766 1.0286 -7.666e-06 1.8062 -0.21187 2.3867
55.876 8738.1 342.43 19744 1.0262 -1.0638e-05 1.8063 -0.21186 2.3867
55.914 8749.2 342.67 19739 1.0256 -1.1556e-05 1.8063 -0.21186 2.3867
56.115 8808.2 343.94 19710 1.0225 -1.8144e-05 1.8063 -0.21186 2.3867
56.474 8913.6 346.2 19659 1.0168 -4.9269e-05 1.8064 -0.21185 2.3867
56.778 9003.2 348.12 19615 1.0119 -0.00010231 1.8065 -0.21184 2.3867
56.862 9028 348.65 19603 1.0105 -0.00012063 1.8065 -0.21183 2.3867
57.667 9266.5 353.75 19487 0.99736 -0.00041448 1.8067 -0.21181 2.3867
59.101 9694.6 362.99 19282 0.97303 -0.0017175 1.807 -0.21177 2.3867
60.317 10061 371.13 19107 0.95126 -0.0036287 1.8073 -0.21173 2.3867
60.653 10162 373.44 19059 0.94505 -0.0042412 1.8074 -0.21172 2.3867
61.055 10284 376.25 19001 0.93748 -0.0050073 1.8074 -0.2117 2.3867
61.772 10502 381.39 18898 0.92372 -0.0063821 1.8076 -0.21168 2.3867
62.38 10687 385.87 18811 0.91178 -0.0075235 1.8077 -0.21166 2.3867
62.548 10739 387.13 18787 0.90844 -0.0078279 1.8078 -0.21165 2.3867
62.951 10862 390.19 18729 0.90039 -0.0085491 1.8078 -0.21164 2.3867
63.667 11081 395.78 18627 0.88585 -0.0097355 1.808 -0.21161 2.3867
64.276 11268 400.67 18539 0.87338 -0.010619 1.8081 -0.21159 2.3867
64.444 11319 402.05 18515 0.86992 -0.010848 1.8081 -0.21158 2.3866
65.248 11567 408.81 18400 0.85326 -0.011844 1.8083 -0.21155 2.3866
66.682 12009 421.46 18194 0.82359 -0.012904 1.8085 -0.21149 2.3866
67.898 12386 432.78 18020 0.79884 -0.013091 1.8087 -0.21143 2.3866
68.234 12490 436 17972 0.79213 -0.013093 1.8088 -0.21142 2.3866
68.637 12615 439.92 17914 0.78416 -0.013075 1.8088 -0.2114 2.3866
69.354 12838 447.04 17811 0.7702 -0.013034 1.809 -0.21136 2.3866
69.962 13028 453.24 17724 0.75858 -0.013018 1.8091 -0.21133 2.3866
70.13 13080 454.97 17700 0.75541 -0.013022 1.8091 -0.21133 2.3866
70.532 13206 459.17 17642 0.74789 -0.013042 1.8091 -0.21131 2.3866
71.249 13430 466.82 17539 0.73471 -0.013196 1.8093 -0.21127 2.3866
71.857 13620 473.47 17452 0.72375 -0.013499 1.8093 -0.21124 2.3866
72.025 13673 475.34 17428 0.72075 -0.013609 1.8094 -0.21123 2.3866
72.83 13926 484.44 17313 0.70656 -0.014278 1.8095 -0.21118 2.3866
74.264 14378 501.37 17107 0.68182 -0.016239 1.8097 -0.2111 2.3865
75.48 14763 516.47 16933 0.66111 -0.018742 1.8098 -0.21103 2.3865
75.816 14869 520.76 16885 0.6554 -0.019546 1.8099 -0.211 2.3865
76.621 15125 531.25 16769 0.64168 -0.021727 1.81 -0.21095 2.3865
78.054 15581 550.67 16564 0.6169 -0.026411 1.8102 -0.21086 2.3865
79.271 15969 567.9 16389 0.5953 -0.03119 1.8103 -0.21077 2.3864
79.607 16076 572.78 16341 0.58921 -0.032639 1.8103 -0.21075 2.3864
79.813 16141 575.81 16312 0.58545 -0.033552 1.8104 -0.21073 2.3864
80.278 16289 582.72 16245 0.57687 -0.035689 1.8104 -0.2107 2.3864
80.955 16504 592.98 16148 0.56416 -0.038993 1.8105 -0.21065 2.3864
81.778 16765 605.82 16030 0.54839 -0.043317 1.8106 -0.21058 2.3864
82.666 17044 620.15 15903 0.53098 -0.048323 1.8107 -0.21051 2.3864
83.532 17315 634.65 15779 0.51371 -0.053211 1.8108 -0.21044 2.3864
84.291 17551 647.82 15670 0.49849 -0.057258 1.8109 -0.21038 2.3863
84.87 17730 658.15 15587 0.48694 -0.060152 1.8109 -0.21033 2.3863
85.211 17835 664.36 15538 0.48018 -0.061786 1.8109 -0.2103 2.3863
85.293 17860 665.86 15526 0.47856 -0.062171 1.8109 -0.21029 2.3863
85.499 17923 669.68 15497 0.47449 -0.063135 1.811 -0.21027 2.3863
85.964 18065 678.4 15430 0.46537 -0.065237 1.811 -0.21023 2.3863
86.642 18271 691.38 15333 0.45226 -0.068109 1.8111 -0.21016 2.3863
87.464 18518 707.62 15215 0.43659 -0.071302 1.8111 -0.21009 2.3863
88.352 18782 725.67 15088 0.41998 -0.074377 1.8112 -0.21 2.3863
89.218 19037 743.78 14964 0.40403 -0.077015 1.8113 -0.20991 2.3862
89.978 19258 760.03 14855 0.39018 -0.079028 1.8114 -0.20983 2.3862
90.556 19424 772.63 14772 0.37968 -0.08038 1.8114 -0.20977 2.3862
90.897 19522 780.15 14723 0.37352 -0.081101 1.8114 -0.20973 2.3862
90.979 19545 781.96 14712 0.37204 -0.081269 1.8114 -0.20972 2.3862
91.185 19603 786.55 14682 0.36831 -0.081681 1.8114 -0.2097 2.3862
91.65 19735 796.97 14616 0.35991 -0.082544 1.8115 -0.20964 2.3862
92.328 19923 812.35 14518 0.34769 -0.083612 1.8115 -0.20957 2.3861
93.151 20149 831.35 14401 0.33285 -0.084611 1.8116 -0.20947 2.3861
94.038 20387 852.24 14273 0.31687 -0.085312 1.8117 -0.20936 2.3861
94.904 20615 873.03 14149 0.30133 -0.085621 1.8117 -0.20925 2.3861
95.664 20809 891.59 14040 0.2878 -0.085579 1.8118 -0.20916 2.386
96.242 20954 905.96 13958 0.27757 -0.085358 1.8118 -0.20908 2.386
96.583 21038 914.52 13909 0.27158 -0.085147 1.8118 -0.20903 2.386
96.665 21058 916.58 13897 0.27014 -0.085089 1.8118 -0.20902 2.386
96.871 21109 921.8 13867 0.26653 -0.084928 1.8118 -0.209 2.386
97.337 21221 933.66 13801 0.25844 -0.084488 1.8119 -0.20893 2.386
98.014 21380 951.16 13704 0.24675 -0.083654 1.8119 -0.20884 2.386
98.837 21568 972.79 13586 0.23273 -0.082334 1.8119 -0.20872 2.3859
99.725 21763 996.54 13459 0.21779 -0.080527 1.812 -0.20859 2.3859
100.59 21946 1020.1 13335 0.20338 -0.078389 1.812 -0.20846 2.3859
101.35 22099 1041.1 13226 0.19086 -0.076203 1.8121 -0.20835 2.3858
101.93 22211 1057.2 13143 0.18137 -0.074347 1.8121 -0.20826 2.3858
102.27 22276 1066.8 13094 0.1758 -0.073172 1.8121 -0.2082 2.3858
102.35 22291 1069.1 13082 0.17446 -0.072882 1.8121 -0.20819 2.3858
103.16 22436 1091.9 12967 0.16137 -0.069849 1.8122 -0.20806 2.3858
104.59 22674 1133.1 12762 0.13832 -0.063645 1.8122 -0.20782 2.3857
105.81 22854 1168.7 12587 0.11927 -0.057575 1.8123 -0.20761 2.3857
106.14 22900 1178.6 12539 0.11414 -0.05577 1.8123 -0.20755 2.3856
106.95 23003 1202.6 12424 0.10216 -0.051212 1.8123 -0.2074 2.3856
108.38 23164 1246.4 12219 0.082237 -0.042291 1.8123 -0.20714 2.3855
109.6 23279 1284.7 12044 0.067182 -0.033917 1.8124 -0.2069 2.3855
109.93 23307 1295.5 11996 0.063383 -0.031475 1.8124 -0.20684 2.3855
110.74 23369 1321.6 11881 0.054997 -0.025392 1.8124 -0.20668 2.3854
112.17 23463 1368.6 11676 0.042952 -0.013756 1.8124 -0.20639 2.3853
113.39 23529 1407.5 11501 0.03626 -0.003078 1.8125 -0.20613 2.3853
113.72 23546 1417.9 11453 0.035088 0 1.8125 -0.20606 2.3853
