time (s) altitude (m) velocity (m/s) mass (kg)trajectory angle (rad) angle of attack (rad) heading angle (rad) latitude (rad)
0 90 15 27857 1.5691 0 1.6675 -0.2123 2.3868
0.26603 94.137 16.102 27818 1.5686 -3.1422e-08 1.6807 -0.2123 2.3868
0.79262 103.19 18.297 27743 1.5677 -3.1765e-08 1.6997 -0.2123 2.3868
1.3765 114.59 20.754 27658 1.5666 -5.8712e-08 1.7147 -0.2123 2.3868
1.7948 123.64 22.527 27598 1.5656 -1.2291e-07 1.723 -0.2123 2.3868
1.9035 126.12 22.99 27582 1.5654 -4e-07 1.725 -0.2123 2.3868
2.3076 135.76 24.718 27524 1.5643 -7.9376e-08 1.7315 -0.2123 2.3868
3.0275 154.67 27.823 27420 1.5623 -1.0683e-07 1.7409 -0.2123 2.3868
3.6383 172.47 30.484 27332 1.5604 -2.1231e-07 1.7473 -0.2123 2.3868
3.8069 177.67 31.222 27308 1.5598 -4.0502e-07 1.7489 -0.2123 2.3868
4.6153 204.35 34.791 27191 1.5569 -1.162e-07 1.7557 -0.2123 2.3868
6.055 259.07 41.251 26984 1.551 -1.5331e-07 1.7648 -0.2123 2.3868
7.2766 312.85 46.837 26807 1.5452 -3.9131e-07 1.7708 -0.2123 2.3868
7.6138 328.9 48.396 26759 1.5434 -1.323e-06 1.7722 -0.2123 2.3868
8.4222 369.52 52.162 26642 1.539 -3.1561e-07 1.7753 -0.2123 2.3868
9.8619 449.45 58.97 26435 1.5305 -4.1709e-07 1.7799 -0.2123 2.3868
11.083 525 64.848 26259 1.5226 -7.5017e-07 1.7831 -0.2123 2.3868
11.421 547.12 66.487 26210 1.5203 -5.3225e-06 1.7839 -0.2123 2.3868
11.724 567.47 67.966 26166 1.5182 -1.5816e-06 1.7846 -0.2123 2.3868
12.264 604.82 70.614 26088 1.5144 -1.1192e-06 1.7858 -0.2123 2.3868
12.722 637.63 72.874 26022 1.511 -3.9467e-06 1.7868 -0.2123 2.3868
12.848 646.87 73.5 26004 1.51 -3.5625e-06 1.787 -0.2123 2.3868
13.151 669.33 75.004 25960 1.5077 -1.2491e-06 1.7876 -0.2123 2.3868
13.691 710.47 77.699 25883 1.5036 -7.6726e-10 1.7886 -0.2123 2.3868
14.149 746.5 79.998 25817 1.4999 -3.1928e-06 1.7894 -0.2123 2.3868
14.276 756.63 80.634 25798 1.4989 -3.9221e-06 1.7896 -0.2123 2.3868
14.475 772.78 81.64 25770 1.4973 -3.5667e-06 1.79 -0.2123 2.3868
14.87 805.32 83.638 25713 1.494 -2.1685e-06 1.7906 -0.2123 2.3868
15.308 842.32 85.864 25649 1.4903 -3.4793e-06 1.7913 -0.2123 2.3868
15.622 869.42 87.465 25604 1.4876 -5.1317e-06 1.7918 -0.2123 2.3868
15.704 876.54 87.881 25593 1.4869 -4.8454e-06 1.7919 -0.2123 2.3868
16.007 903.32 89.435 25549 1.4842 -3.2141e-06 1.7923 -0.2123 2.3868
16.547 952.16 92.216 25471 1.4793 -2.6647e-06 1.7931 -0.2123 2.3868
17.005 994.76 94.588 25405 1.4751 -5.0823e-06 1.7937 -0.21229 2.3868
17.131 1006.7 95.245 25387 1.474 -5.0477e-06 1.7939 -0.21229 2.3868
17.53 1044.9 97.325 25329 1.4702 -3.2723e-06 1.7944 -0.21229 2.3868
18.32 1123 101.47 25215 1.4626 -1.8002e-06 1.7953 -0.21229 2.3868
19.196 1213.3 106.11 25089 1.454 -2.6616e-06 1.7963 -0.21229 2.3868
19.823 1280.5 109.46 24999 1.4476 -4.8881e-06 1.797 -0.21229 2.3868
19.986 1298.3 110.33 24975 1.4459 -5.4682e-06 1.7972 -0.21229 2.3868
20.593 1365.6 113.6 24888 1.4396 -2.5243e-06 1.7978 -0.21229 2.3868
21.672 1490.2 119.47 24732 1.428 -1.6296e-06 1.7988 -0.21229 2.3868
22.589 1600.8 124.51 24600 1.418 -4.5946e-06 1.7996 -0.21228 2.3868
22.841 1632.1 125.91 24564 1.4151 -5.4563e-06 1.7998 -0.21228 2.3868
23.448 1708.4 129.29 24477 1.4083 -2.8832e-06 1.8003 -0.21228 2.3868
24.528 1849.3 135.37 24321 1.396 -2.4749e-06 1.8011 -0.21228 2.3868
25.444 1973.7 140.59 24189 1.3853 -4.8651e-06 1.8018 -0.21227 2.3868
25.697 2008.8 142.04 24153 1.3824 -5.9638e-06 1.802 -0.21227 2.3868
26.096 2064.9 144.34 24095 1.3777 -4.4806e-06 1.8022 -0.21227 2.3868
26.886 2178.4 148.93 23982 1.3683 -2.4765e-06 1.8028 -0.21227 2.3868
27.761 2308.3 154.08 23855 1.3578 -3.1448e-06 1.8033 -0.21226 2.3868
28.389 2403.8 157.8 23765 1.3502 -6.2395e-06 1.8037 -0.21226 2.3868
28.552 2429 158.78 23742 1.3482 -6.5305e-06 1.8038 -0.21226 2.3868
29.158 2523.9 162.41 23654 1.3409 -3.6101e-06 1.8042 -0.21226 2.3868
30.238 2697.8 168.97 23499 1.3277 -2.0969e-06 1.8048 -0.21225 2.3868
31.154 2850.3 174.61 23367 1.3165 -5.4058e-06 1.8053 -0.21224 2.3868
31.407 2893.3 176.18 23331 1.3134 -7.0916e-06 1.8054 -0.21224 2.3868
31.71 2945.2 178.07 23287 1.3097 -5.5095e-06 1.8056 -0.21224 2.3868
32.25 3038.9 181.46 23209 1.3032 -5.071e-06 1.8058 -0.21224 2.3868
32.708 3119.6 184.36 23143 1.2976 -7.0986e-06 1.8061 -0.21223 2.3868
32.835 3142.1 185.16 23125 1.296 -7.1042e-06 1.8061 -0.21223 2.3868
33.138 3196.4 187.09 23082 1.2923 -5.0423e-06 1.8063 -0.21223 2.3868
33.678 3294.3 190.55 23004 1.2858 -3.139e-06 1.8065 -0.21222 2.3868
34.136 3378.6 193.5 22938 1.2802 -4.8159e-06 1.8067 -0.21222 2.3868
34.262 3402.1 194.32 22920 1.2787 -4.9875e-06 1.8068 -0.21222 2.3868
34.666 3477.8 196.95 22862 1.2738 -2.0459e-06 1.807 -0.21222 2.3868
35.386 3614.8 201.67 22758 1.2651 -2.4313e-08 1.8073 -0.21221 2.3868
35.997 3733.3 205.71 22670 1.2578 -4.1675e-06 1.8076 -0.2122 2.3868
36.166 3766.4 206.84 22646 1.2558 -4.7878e-06 1.8077 -0.2122 2.3868
36.57 3846.3 209.54 22588 1.251 -2.2276e-06 1.8078 -0.2122 2.3868
37.29 3991 214.38 22484 1.2425 -2.05e-06 1.8081 -0.21219 2.3868
37.901 4115.9 218.53 22397 1.2352 -6.3886e-06 1.8084 -0.21218 2.3868
38.069 4150.8 219.68 22372 1.2333 -6.566e-06 1.8084 -0.21218 2.3868
38.473 4235.1 222.44 22314 1.2285 -3.5865e-06 1.8086 -0.21218 2.3868
39.193 4387.3 227.4 22211 1.2201 -2.8147e-06 1.8089 -0.21217 2.3868
39.804 4518.8 231.64 22123 1.213 -6.838e-06 1.8091 -0.21216 2.3868
39.973 4555.5 232.82 22099 1.2111 -6.971e-06 1.8092 -0.21216 2.3868
40.377 4644 235.64 22040 1.2064 -3.8343e-06 1.8093 -0.21216 2.3868
41.097 4804 240.7 21937 1.1981 -2.8493e-06 1.8096 -0.21215 2.3868
41.707 4941.9 245.01 21849 1.191 -6.8309e-06 1.8098 -0.21214 2.3868
41.876 4980.4 246.21 21825 1.1891 -6.9491e-06 1.8099 -0.21214 2.3868
42.28 5073.2 249.07 21767 1.1845 -3.7859e-06 1.81 -0.21213 2.3868
43 5240.7 254.2 21663 1.1762 -2.8896e-06 1.8103 -0.21212 2.3868
43.611 5385 258.55 21576 1.1691 -6.9655e-06 1.8105 -0.21211 2.3868
43.78 5425.2 259.76 21551 1.1672 -7.0962e-06 1.8105 -0.21211 2.3868
44.184 5522.2 262.65 21493 1.1625 -3.9291e-06 1.8107 -0.2121 2.3868
44.904 5697.1 267.79 21390 1.1541 -2.8976e-06 1.8109 -0.21209 2.3868
45.514 5847.7 272.16 21302 1.147 -6.586e-06 1.8111 -0.21208 2.3868
45.683 5889.6 273.36 21278 1.145 -6.4432e-06 1.8112 -0.21208 2.3868
46.289 6041.5 277.68 21191 1.1378 -2.776e-06 1.8114 -0.21207 2.3868
47.369 6316.5 285.33 21036 1.1247 -2.3307e-06 1.8117 -0.21205 2.3868
48.285 6554.4 291.76 20904 1.1133 -6.228e-06 1.812 -0.21203 2.3868
48.538 6620.7 293.52 20868 1.1101 -7.0668e-06 1.8121 -0.21202 2.3868
49.144 6781 297.72 20781 1.1023 -3.8633e-06 1.8122 -0.21201 2.3868
50.224 7070.3 305.11 20625 1.088 -2.4223e-06 1.8125 -0.21199 2.3867
51.14 7319.6 311.27 20494 1.0754 -7.3719e-06 1.8128 -0.21197 2.3867
51.393 7388.9 312.96 20458 1.0718 -9.1651e-06 1.8129 -0.21196 2.3867
51.696 7472.4 314.97 20414 1.0675 -8.2699e-06 1.8129 -0.21196 2.3867
52.236 7621.9 318.53 20337 1.0597 -8.7148e-06 1.8131 -0.21194 2.3867
52.694 7749.5 321.53 20271 1.053 -1.1875e-05 1.8132 -0.21193 2.3867
52.821 7784.9 322.35 20253 1.0511 -1.2598e-05 1.8132 -0.21193 2.3867
53.124 7869.8 324.32 20209 1.0465 -1.3575e-05 1.8133 -0.21192 2.3867
53.664 8021.9 327.81 20132 1.0383 -1.6304e-05 1.8135 -0.21191 2.3867
54.122 8151.6 330.75 20066 1.0312 -1.8295e-05 1.8136 -0.2119 2.3867
54.249 8187.5 331.56 20048 1.0293 -1.8047e-05 1.8136 -0.21189 2.3867
54.4 8230.6 332.53 20026 1.0269 -1.6971e-05 1.8136 -0.21189 2.3867
54.67 8307.5 334.25 19987 1.0227 -1.3273e-05 1.8137 -0.21188 2.3867
54.899 8372.9 335.71 19954 1.019 -8.4159e-06 1.8138 -0.21188 2.3867
54.962 8391 336.12 19945 1.018 -6.9646e-06 1.8138 -0.21187 2.3867
55.114 8434.4 337.08 19923 1.0156 -3.5461e-06 1.8138 -0.21187 2.3867
55.384 8511.8 338.8 19885 1.0113 0 1.8139 -0.21186 2.3867
55.613 8577.6 340.26 19852 1.0076 -1.7673e-06 1.8139 -0.21186 2.3867
55.676 8595.8 340.66 19843 1.0065 -3.1743e-06 1.814 -0.21185 2.3867
55.979 8683.2 342.58 19799 1.0016 -1.7287e-05 1.814 -0.21185 2.3867
56.519 8839.3 346 19722 0.9927 -0.00011307 1.8142 -0.21183 2.3867
56.977 8972.3 348.91 19656 0.98504 -0.00028726 1.8143 -0.21182 2.3867
57.104 9009.1 349.72 19638 0.9829 -0.00034815 1.8143 -0.21181 2.3867
57.359 9083.3 351.34 19601 0.97857 -0.00048276 1.8144 -0.21181 2.3867
57.928 9249.6 354.99 19520 0.96876 -0.00088193 1.8145 -0.21179 2.3867
58.742 9488.2 360.27 19403 0.95438 -0.001725 1.8147 -0.21176 2.3867
59.701 9770.9 366.63 19265 0.93679 -0.0031315 1.8149 -0.21173 2.3867
60.69 10064 373.42 19123 0.91786 -0.0049976 1.8151 -0.2117 2.3867
61.59 10331 379.85 18994 0.89992 -0.0068569 1.8152 -0.21167 2.3867
62.293 10540 385.04 18893 0.88551 -0.008267 1.8154 -0.21164 2.3867
62.713 10666 388.22 18833 0.87674 -0.009065 1.8155 -0.21163 2.3867
62.814 10696 389 18819 0.8746 -0.0092545 1.8155 -0.21162 2.3867
63.069 10772 390.97 18782 0.86922 -0.0097236 1.8155 -0.21161 2.3867
63.638 10942 395.45 18700 0.85708 -0.010717 1.8156 -0.21159 2.3866
64.452 11185 402.05 18584 0.83952 -0.011946 1.8158 -0.21156 2.3866
65.411 11473 410.16 18446 0.81865 -0.01305 1.8159 -0.21152 2.3866
66.401 11769 418.89 18304 0.79713 -0.013777 1.8161 -0.21147 2.3866
67.301 12039 427.14 18175 0.77775 -0.014102 1.8163 -0.21143 2.3866
68.003 12249 433.79 18074 0.76285 -0.014178 1.8164 -0.2114 2.3866
68.423 12375 437.85 18014 0.75406 -0.014177 1.8164 -0.21138 2.3866
68.524 12406 438.84 18000 0.75195 -0.014174 1.8164 -0.21138 2.3866
68.929 12527 442.82 17942 0.7436 -0.014155 1.8165 -0.21136 2.3866
69.648 12743 450.06 17838 0.72899 -0.014091 1.8166 -0.21132 2.3866
70.259 12926 456.36 17751 0.71684 -0.014025 1.8167 -0.21129 2.3866
70.428 12976 458.12 17727 0.71354 -0.014012 1.8167 -0.21128 2.3866
70.832 13097 462.4 17669 0.70568 -0.013994 1.8168 -0.21126 2.3866
71.552 13313 470.16 17565 0.69196 -0.014059 1.8169 -0.21122 2.3866
72.163 13497 476.91 17478 0.68057 -0.014247 1.817 -0.21118 2.3865
72.331 13547 478.8 17454 0.67746 -0.01432 1.817 -0.21117 2.3865
72.863 13707 484.85 17377 0.66776 -0.014607 1.8171 -0.21114 2.3865
73.917 14023 497.17 17226 0.64896 -0.015568 1.8172 -0.21108 2.3865
75.084 14374 511.41 17059 0.62858 -0.017298 1.8173 -0.21101 2.3865
75.921 14626 521.99 16939 0.61415 -0.01893 1.8174 -0.21096 2.3865
76.138 14691 524.79 16908 0.61041 -0.01942 1.8175 -0.21094 2.3865
76.947 14934 535.4 16792 0.59652 -0.021414 1.8176 -0.21089 2.3865
78.386 15367 555.02 16586 0.57158 -0.025763 1.8177 -0.21079 2.3864
79.608 15733 572.42 16411 0.54998 -0.030272 1.8179 -0.2107 2.3864
79.945 15834 577.35 16362 0.54391 -0.031642 1.8179 -0.21068 2.3864
80.117 15885 579.88 16338 0.5408 -0.032358 1.8179 -0.21066 2.3864
80.506 16002 585.69 16282 0.53369 -0.034032 1.818 -0.21063 2.3864
81.082 16173 594.4 16199 0.52306 -0.036635 1.818 -0.21059 2.3864
81.796 16384 605.48 16097 0.50964 -0.040086 1.8181 -0.21053 2.3864
82.591 16618 618.17 15983 0.4944 -0.044145 1.8182 -0.21047 2.3864
83.402 16855 631.56 15867 0.4786 -0.048287 1.8182 -0.2104 2.3863
84.164 17076 644.56 15758 0.46364 -0.051978 1.8183 -0.21033 2.3863
84.815 17263 656 15664 0.45089 -0.054917 1.8184 -0.21028 2.3863
85.303 17402 664.78 15594 0.44141 -0.056985 1.8184 -0.21023 2.3863
85.588 17482 669.99 15554 0.43592 -0.058141 1.8184 -0.21021 2.3863
85.656 17502 671.25 15544 0.43461 -0.058414 1.8185 -0.2102 2.3863
85.827 17550 674.43 15519 0.43132 -0.059097 1.8185 -0.21018 2.3863
86.217 17660 681.74 15463 0.42389 -0.060602 1.8185 -0.21015 2.3863
86.792 17820 692.74 15381 0.41307 -0.062688 1.8185 -0.21009 2.3863
87.506 18018 706.76 15279 0.39989 -0.065052 1.8186 -0.21002 2.3862
88.301 18235 722.81 15165 0.38558 -0.067387 1.8187 -0.20994 2.3862
89.112 18454 739.68 15049 0.37135 -0.069451 1.8187 -0.20986 2.3862
89.875 18658 755.94 14939 0.35831 -0.071096 1.8188 -0.20978 2.3862
90.526 18830 770.15 14846 0.34741 -0.072282 1.8188 -0.20971 2.3862
91.013 18957 780.96 14776 0.33937 -0.073049 1.8189 -0.20965 2.3861
91.298 19031 787.34 14735 0.33473 -0.073457 1.8189 -0.20962 2.3861
91.366 19048 788.88 14726 0.33362 -0.073551 1.8189 -0.20961 2.3861
91.493 19081 791.76 14707 0.33156 -0.073726 1.8189 -0.2096 2.3861
91.778 19154 798.23 14667 0.32696 -0.074102 1.8189 -0.20957 2.3861
92.185 19258 807.56 14608 0.32045 -0.074597 1.819 -0.20952 2.3861
92.665 19380 818.69 14540 0.31283 -0.075114 1.819 -0.20946 2.3861
93.159 19504 830.32 14469 0.30503 -0.075575 1.819 -0.2094 2.3861
93.609 19615 841.01 14404 0.29797 -0.075934 1.819 -0.20935 2.3861
93.96 19702 849.43 14354 0.29249 -0.076176 1.8191 -0.20931 2.3861
94.17 19753 854.5 14324 0.28922 -0.076308 1.8191 -0.20928 2.3861
94.221 19765 855.73 14317 0.28843 -0.076338 1.8191 -0.20927 2.386
94.349 19796 858.83 14298 0.28645 -0.076414 1.8191 -0.20926 2.386
94.633 19865 865.77 14258 0.28203 -0.076569 1.8191 -0.20922 2.386
95.04 19963 875.76 14199 0.27572 -0.076754 1.8191 -0.20917 2.386
95.52 20076 887.65 14130 0.26828 -0.07691 1.8192 -0.20911 2.386
96.014 20192 900.03 14060 0.26061 -0.076992 1.8192 -0.20904 2.386
96.464 20295 911.41 13995 0.25362 -0.076994 1.8192 -0.20898 2.386
96.816 20375 920.35 13945 0.24816 -0.076944 1.8192 -0.20894 2.386
97.026 20423 925.73 13915 0.24489 -0.076894 1.8193 -0.20891 2.386
97.076 20434 927.04 13907 0.2441 -0.07688 1.8193 -0.2089 2.386
97.331 20491 933.6 13871 0.24013 -0.076801 1.8193 -0.20887 2.3859
97.901 20616 948.37 13789 0.23123 -0.076521 1.8193 -0.20879 2.3859
98.714 20790 969.74 13673 0.21845 -0.075842 1.8193 -0.20867 2.3859
99.673 20987 995.31 13535 0.20327 -0.074623 1.8194 -0.20853 2.3859
100.66 21181 1022.1 13394 0.1875 -0.072881 1.8194 -0.20838 2.3858
101.56 21348 1046.8 13265 0.17303 -0.070876 1.8195 -0.20825 2.3858
102.27 21471 1066.2 13164 0.16167 -0.069028 1.8195 -0.20813 2.3858
102.69 21542 1077.9 13104 0.15485 -0.067809 1.8195 -0.20807 2.3857
102.79 21559 1080.7 13089 0.15319 -0.067499 1.8195 -0.20805 2.3857
103.6 21688 1103.5 12974 0.14003 -0.064861 1.8196 -0.20792 2.3857
105.03 21895 1144.4 12767 0.11668 -0.059356 1.8196 -0.20767 2.3856
106.26 22046 1179.7 12592 0.097277 -0.053873 1.8197 -0.20746 2.3856
106.59 22084 1189.6 12544 0.092049 -0.052228 1.8197 -0.2074 2.3856
107.4 22167 1213.5 12428 0.07983 -0.048055 1.8197 -0.20725 2.3855
108.84 22291 1257.2 12222 0.059506 -0.039816 1.8197 -0.20698 2.3855
110.06 22371 1295.5 12047 0.044182 -0.032013 1.8198 -0.20675 2.3854
110.4 22390 1306.3 11999 0.040329 -0.029728 1.8198 -0.20668 2.3854
111.21 22428 1332.4 11883 0.03187 -0.02402 1.8198 -0.20652 2.3853
112.65 22478 1379 11676 0.019959 -0.013047 1.8198 -0.20622 2.3853
113.87 22506 1417.3 11501 0.013772 -0.002925 1.8198 -0.20597 2.3852
114.21 22513 1427.4 11453 0.012823 -1.6626e-09 1.8199 -0.20589 2.3852
