time (s) altitude (m) velocity (m/s) mass (kg)trajectory angle (rad) angle of attack (rad) heading angle (rad) latitude (rad)
0 90 15 27823 1.5691 0 1.6572 -0.2123 2.3868
0.26549 94.129 16.104 27785 1.5686 -3.7266e-08 1.6709 -0.2123 2.3868
0.791 103.17 18.304 27709 1.5677 -5.1303e-08 1.6907 -0.2123 2.3868
1.3737 114.55 20.765 27625 1.5666 -8.1443e-08 1.7063 -0.2123 2.3868
1.7911 123.59 22.542 27565 1.5656 -1.6107e-07 1.7148 -0.2123 2.3868
1.8996 126.06 23.006 27549 1.5654 -6.5565e-07 1.7168 -0.2123 2.3868
2.3029 135.69 24.737 27491 1.5644 -1.1712e-07 1.7235 -0.2123 2.3868
3.0213 154.57 27.847 27388 1.5624 -1.5095e-07 1.7332 -0.2123 2.3868
3.6309 172.36 30.513 27300 1.5605 -2.5216e-07 1.7398 -0.2123 2.3868
3.7992 177.55 31.253 27275 1.5599 -6.879e-07 1.7414 -0.2123 2.3868
4.6059 204.2 34.828 27159 1.557 -1.6563e-07 1.7483 -0.2123 2.3868
6.0427 258.87 41.299 26952 1.5511 -2.272e-07 1.7576 -0.2123 2.3868
7.2618 312.6 46.894 26776 1.5454 -4.202e-07 1.7637 -0.2123 2.3868
7.5983 328.64 48.455 26728 1.5437 -3.374e-06 1.7651 -0.2123 2.3868
8.405 369.23 52.226 26611 1.5394 -4.6056e-07 1.7683 -0.2123 2.3868
9.8419 449.1 59.044 26404 1.531 -6.9844e-07 1.773 -0.2123 2.3868
11.061 524.59 64.93 26228 1.5232 -1.0291e-06 1.7763 -0.2123 2.3868
11.397 546.69 66.571 26180 1.5209 -9.0785e-06 1.7771 -0.2123 2.3868
11.7 567.03 68.052 26136 1.5188 -4.4639e-06 1.7778 -0.2123 2.3868
12.239 604.35 70.703 26058 1.5151 -1.014e-06 1.779 -0.2123 2.3868
12.696 637.14 72.965 25993 1.5117 -4.4079e-06 1.78 -0.2123 2.3868
12.822 646.37 73.592 25974 1.5108 -5.3769e-06 1.7802 -0.2123 2.3868
12.973 657.54 74.344 25953 1.5097 -5.698e-06 1.7805 -0.2123 2.3868
13.243 677.71 75.687 25914 1.5077 -5.8507e-06 1.7811 -0.2123 2.3868
13.471 695.1 76.83 25881 1.5059 -5.8937e-06 1.7815 -0.2123 2.3868
13.535 699.95 77.146 25872 1.5054 -5.9233e-06 1.7816 -0.2123 2.3868
13.686 711.65 77.905 25850 1.5043 -5.8101e-06 1.7819 -0.2123 2.3868
13.955 732.77 79.259 25811 1.5021 -5.8899e-06 1.7824 -0.2123 2.3868
14.184 750.98 80.411 25778 1.5003 -6.3081e-06 1.7828 -0.2123 2.3868
14.247 756.05 80.73 25769 1.4998 -6.3987e-06 1.7829 -0.2123 2.3868
14.398 768.29 81.494 25747 1.4986 -6.4282e-06 1.7832 -0.2123 2.3868
14.668 790.37 82.859 25708 1.4964 -6.3637e-06 1.7836 -0.2123 2.3868
14.896 809.38 84.021 25675 1.4945 -6.3488e-06 1.784 -0.2123 2.3868
14.959 814.68 84.342 25666 1.494 -6.3346e-06 1.7841 -0.2123 2.3868
15.11 827.46 85.113 25644 1.4927 -6.1442e-06 1.7843 -0.2123 2.3868
15.38 850.5 86.489 25606 1.4905 -5.9476e-06 1.7848 -0.2123 2.3868
15.608 870.34 87.659 25573 1.4885 -6.0755e-06 1.7851 -0.2123 2.3868
15.672 875.86 87.983 25564 1.488 -6.118e-06 1.7852 -0.2123 2.3868
15.823 889.18 88.76 25542 1.4867 -6.096e-06 1.7854 -0.2123 2.3868
16.092 913.19 90.147 25503 1.4843 -6.2512e-06 1.7858 -0.2123 2.3868
16.321 933.85 91.327 25470 1.4823 -6.6995e-06 1.7861 -0.2123 2.3868
16.384 939.61 91.653 25461 1.4817 -6.8279e-06 1.7862 -0.2123 2.3868
16.535 953.47 92.436 25439 1.4804 -7.0217e-06 1.7864 -0.2123 2.3868
16.805 978.46 93.834 25400 1.478 -7.461e-06 1.7868 -0.2123 2.3868
17.033 999.95 95.024 25367 1.4759 -7.9607e-06 1.7871 -0.21229 2.3868
17.096 1005.9 95.353 25358 1.4753 -8.07e-06 1.7872 -0.21229 2.3868
17.247 1020.3 96.142 25336 1.4739 -8.1853e-06 1.7874 -0.21229 2.3868
17.517 1046.3 97.551 25298 1.4714 -8.1753e-06 1.7878 -0.21229 2.3868
17.745 1068.6 98.75 25265 1.4693 -8.0014e-06 1.788 -0.21229 2.3868
17.809 1074.8 99.081 25256 1.4687 -7.9192e-06 1.7881 -0.21229 2.3868
17.96 1089.8 99.877 25234 1.4673 -7.6046e-06 1.7883 -0.21229 2.3868
18.229 1116.8 101.3 25195 1.4647 -7.2406e-06 1.7886 -0.21229 2.3868
18.458 1139.9 102.5 25162 1.4625 -7.3647e-06 1.7889 -0.21229 2.3868
18.521 1146.4 102.84 25153 1.4619 -7.4479e-06 1.789 -0.21229 2.3868
18.672 1161.9 103.64 25131 1.4604 -7.5799e-06 1.7892 -0.21229 2.3868
18.942 1189.8 105.07 25092 1.4578 -8.0342e-06 1.7895 -0.21229 2.3868
19.17 1213.8 106.29 25059 1.4555 -8.5161e-06 1.7897 -0.21229 2.3868
19.233 1220.5 106.63 25050 1.4549 -8.5822e-06 1.7898 -0.21229 2.3868
19.385 1236.6 107.43 25029 1.4534 -8.5743e-06 1.79 -0.21229 2.3868
19.654 1265.5 108.88 24990 1.4507 -7.7367e-06 1.7902 -0.21229 2.3868
19.882 1290.3 110.11 24957 1.4484 -5.9534e-06 1.7905 -0.21229 2.3868
19.946 1297.2 110.44 24948 1.4478 -5.2965e-06 1.7905 -0.21229 2.3868
20.248 1330.6 112.07 24904 1.4447 -1.7614e-06 1.7909 -0.21229 2.3868
20.787 1391.3 115 24826 1.4392 0 1.7914 -0.21229 2.3868
21.244 1444 117.5 24761 1.4345 -5.445e-06 1.7918 -0.21229 2.3868
21.37 1458.7 118.18 24742 1.4331 -7.45e-06 1.792 -0.21229 2.3868
21.522 1476.5 119.01 24721 1.4315 -9.2294e-06 1.7921 -0.21229 2.3868
21.791 1508.4 120.49 24682 1.4286 -1.1541e-05 1.7923 -0.21229 2.3868
22.02 1535.8 121.75 24649 1.4262 -1.242e-05 1.7926 -0.21229 2.3868
22.083 1543.4 122.1 24640 1.4255 -1.2505e-05 1.7926 -0.21228 2.3868
22.234 1561.8 122.93 24618 1.4239 -1.246e-05 1.7927 -0.21228 2.3868
22.503 1594.7 124.42 24579 1.421 -1.1441e-05 1.793 -0.21228 2.3868
22.732 1623 125.69 24546 1.4185 -9.6936e-06 1.7932 -0.21228 2.3868
22.795 1630.8 126.04 24537 1.4178 -9.1396e-06 1.7932 -0.21228 2.3868
22.994 1655.7 127.15 24509 1.4156 -7.1142e-06 1.7934 -0.21228 2.3868
23.388 1705.7 129.35 24452 1.4112 -4.9e-06 1.7937 -0.21228 2.3868
23.825 1762 131.81 24389 1.4064 -8.1212e-06 1.7941 -0.21228 2.3868
24.138 1802.9 133.57 24344 1.4029 -1.1379e-05 1.7943 -0.21228 2.3868
24.22 1813.7 134.03 24332 1.4019 -1.1567e-05 1.7944 -0.21228 2.3868
24.419 1840.1 135.16 24303 1.3997 -1.1642e-05 1.7945 -0.21228 2.3868
24.813 1893 137.4 24247 1.3952 -9.8001e-06 1.7948 -0.21228 2.3868
25.25 1952.6 139.9 24184 1.3902 -8.9133e-06 1.7952 -0.21227 2.3868
25.563 1996 141.7 24139 1.3866 -8.7609e-06 1.7954 -0.21227 2.3868
25.644 2007.3 142.16 24127 1.3857 -8.0246e-06 1.7955 -0.21227 2.3868
25.785 2027 142.97 24107 1.3841 -6.7563e-06 1.7956 -0.21227 2.3868
26.078 2068.5 144.67 24064 1.3807 -2.7221e-06 1.7958 -0.21227 2.3868
26.445 2120.9 146.8 24012 1.3764 -6.9243e-09 1.796 -0.21227 2.3868
26.787 2170.5 148.79 23962 1.3724 -3.3527e-06 1.7962 -0.21227 2.3868
27.012 2203.5 150.11 23930 1.3698 -6.252e-06 1.7964 -0.21227 2.3868
27.069 2211.9 150.45 23922 1.3691 -6.7982e-06 1.7964 -0.21227 2.3868
27.209 2232.6 151.27 23901 1.3675 -7.9755e-06 1.7965 -0.21227 2.3868
27.503 2276.3 153 23859 1.3641 -9.0758e-06 1.7967 -0.21226 2.3868
27.87 2331.6 155.17 23806 1.3597 -9.9036e-06 1.7969 -0.21226 2.3868
28.212 2383.8 157.2 23757 1.3557 -1.1006e-05 1.7972 -0.21226 2.3868
28.437 2418.6 158.55 23725 1.353 -1.0512e-05 1.7973 -0.21226 2.3868
28.494 2427.3 158.89 23717 1.3524 -1.0187e-05 1.7973 -0.21226 2.3868
28.796 2474.5 160.7 23673 1.3488 -7.638e-06 1.7975 -0.21226 2.3868
29.335 2559.8 163.95 23595 1.3424 -4.9936e-06 1.7978 -0.21226 2.3868
29.792 2633.3 166.72 23530 1.3369 -6.1985e-06 1.7981 -0.21225 2.3868
29.918 2653.9 167.49 23511 1.3354 -6.3322e-06 1.7982 -0.21225 2.3868
30.221 2703.4 169.34 23468 1.3318 -4.5466e-06 1.7983 -0.21225 2.3868
30.76 2792.8 172.65 23390 1.3254 -2.5682e-06 1.7986 -0.21225 2.3868
31.217 2870 175.48 23325 1.3199 -3.4162e-06 1.7989 -0.21224 2.3868
31.343 2891.5 176.27 23306 1.3184 -3.4027e-06 1.799 -0.21224 2.3868
31.646 2943.3 178.14 23263 1.3148 -1.3799e-06 1.7991 -0.21224 2.3868
32.184 3037 181.68 23185 1.3088 -2.1619e-07 1.7994 -0.21224 2.3868
32.642 3117.9 184.76 23120 1.3041 -3.1831e-06 1.7996 -0.21223 2.3868
32.768 3140.4 185.53 23101 1.3025 -3.8241e-06 1.7997 -0.21223 2.3868
33.07 3194.8 187.45 23058 1.2989 -3.0303e-06 1.7998 -0.21223 2.3868
33.609 3292.9 190.9 22980 1.2925 -1.8968e-06 1.8001 -0.21223 2.3868
34.066 3377.4 193.84 22915 1.2872 -4.0728e-06 1.8003 -0.21222 2.3868
34.192 3400.9 194.66 22896 1.2857 -4.9844e-06 1.8004 -0.21222 2.3868
34.394 3438.7 195.97 22867 1.2833 -5.3196e-06 1.8005 -0.21222 2.3868
34.753 3506.6 198.31 22816 1.2791 -5.4263e-06 1.8007 -0.21222 2.3868
35.058 3564.7 200.3 22772 1.2756 -5.4736e-06 1.8008 -0.21221 2.3868
35.142 3580.8 200.85 22760 1.2746 -5.4845e-06 1.8008 -0.21221 2.3868
35.344 3619.7 202.18 22731 1.2723 -5.1859e-06 1.8009 -0.21221 2.3868
35.703 3689.5 204.55 22679 1.2681 -5.3441e-06 1.8011 -0.21221 2.3868
36.008 3749.2 206.57 22635 1.2646 -6.4896e-06 1.8012 -0.21221 2.3868
36.092 3765.8 207.13 22623 1.2636 -6.8243e-06 1.8013 -0.2122 2.3868
36.294 3805.8 208.47 22594 1.2612 -7.3203e-06 1.8014 -0.2122 2.3868
36.653 3877.5 210.87 22542 1.2571 -8.2364e-06 1.8015 -0.2122 2.3868
36.958 3938.8 212.91 22499 1.2536 -8.8968e-06 1.8016 -0.2122 2.3868
37.042 3955.9 213.48 22487 1.2526 -8.9087e-06 1.8017 -0.21219 2.3868
37.244 3996.9 214.84 22458 1.2503 -8.5311e-06 1.8018 -0.21219 2.3868
37.603 4070.5 217.27 22406 1.2462 -8.3062e-06 1.8019 -0.21219 2.3868
37.907 4133.5 219.34 22362 1.2428 -9.6333e-06 1.802 -0.21219 2.3868
37.992 4151 219.91 22350 1.2418 -1.0239e-05 1.8021 -0.21218 2.3868
38.126 4179 220.83 22331 1.2403 -1.099e-05 1.8021 -0.21218 2.3868
38.366 4229.2 222.47 22296 1.2376 -1.2169e-05 1.8022 -0.21218 2.3868
38.569 4272.1 223.86 22267 1.2352 -1.2942e-05 1.8023 -0.21218 2.3868
38.625 4283.9 224.24 22259 1.2346 -1.3105e-05 1.8023 -0.21218 2.3868
38.759 4312.4 225.17 22240 1.2331 -1.3406e-05 1.8024 -0.21218 2.3868
38.999 4363.5 226.81 22205 1.2304 -1.3644e-05 1.8025 -0.21217 2.3868
39.202 4407 228.21 22176 1.2281 -1.353e-05 1.8026 -0.21217 2.3868
39.258 4419.1 228.6 22168 1.2275 -1.3455e-05 1.8026 -0.21217 2.3868
39.392 4448.1 229.53 22148 1.226 -1.3168e-05 1.8026 -0.21217 2.3868
39.632 4500 231.19 22114 1.2233 -1.2387e-05 1.8027 -0.21217 2.3868
39.835 4544.3 232.6 22085 1.221 -1.1496e-05 1.8028 -0.21216 2.3868
39.891 4556.5 232.99 22077 1.2204 -1.123e-05 1.8028 -0.21216 2.3868
40.093 4600.8 234.4 22048 1.2181 -1.0291e-05 1.8029 -0.21216 2.3868
40.452 4680.1 236.9 21996 1.2141 -1.0131e-05 1.8031 -0.21216 2.3868
40.757 4748.1 239.04 21952 1.2107 -1.1322e-05 1.8032 -0.21215 2.3868
40.841 4766.9 239.63 21940 1.2097 -1.1542e-05 1.8032 -0.21215 2.3868
41.043 4812.2 241.04 21911 1.2075 -1.1695e-05 1.8033 -0.21215 2.3868
41.402 4893.5 243.57 21860 1.2035 -1.1499e-05 1.8034 -0.21214 2.3868
41.707 4963.1 245.72 21816 1.2001 -1.1183e-05 1.8035 -0.21214 2.3868
41.791 4982.4 246.31 21804 1.1992 -1.1048e-05 1.8036 -0.21214 2.3868
41.992 5028.8 247.74 21775 1.1969 -1.0364e-05 1.8036 -0.21214 2.3868
42.352 5112 250.28 21723 1.1929 -9.7743e-06 1.8038 -0.21213 2.3868
42.656 5183.1 252.44 21679 1.1895 -1.0408e-05 1.8039 -0.21213 2.3868
42.741 5202.8 253.04 21667 1.1886 -1.0653e-05 1.8039 -0.21213 2.3868
42.942 5250.3 254.47 21638 1.1863 -1.0963e-05 1.804 -0.21212 2.3868
43.301 5335.4 257.02 21587 1.1823 -1.1767e-05 1.8041 -0.21212 2.3868
43.606 5408.1 259.19 21543 1.1789 -1.2306e-05 1.8042 -0.21211 2.3868
43.69 5428.3 259.79 21531 1.178 -1.2205e-05 1.8042 -0.21211 2.3868
43.878 5473.3 261.12 21504 1.1759 -1.1506e-05 1.8043 -0.21211 2.3868
44.269 5568.1 263.91 21448 1.1715 -8.7553e-06 1.8044 -0.2121 2.3868
44.758 5687.6 267.39 21377 1.166 -8.5152e-06 1.8046 -0.21209 2.3868
45.214 5800.2 270.64 21312 1.1608 -1.2833e-05 1.8048 -0.21209 2.3868
45.514 5875.1 272.77 21269 1.1574 -1.403e-05 1.8049 -0.21208 2.3868
45.59 5894 273.31 21258 1.1566 -1.3843e-05 1.8049 -0.21208 2.3868
45.892 5969.9 275.46 21214 1.1531 -1.2012e-05 1.805 -0.21208 2.3868
46.431 6106.3 279.28 21137 1.1468 -9.8174e-06 1.8052 -0.21207 2.3868
46.888 6223.2 282.51 21071 1.1415 -1.0598e-05 1.8053 -0.21206 2.3868
47.015 6255.7 283.39 21053 1.14 -1.0528e-05 1.8053 -0.21206 2.3868
47.317 6333.8 285.52 21010 1.1364 -8.8683e-06 1.8054 -0.21205 2.3868
47.856 6474.1 289.29 20932 1.1299 -9.9631e-06 1.8056 -0.21204 2.3868
48.313 6594.2 292.48 20866 1.1244 -1.4015e-05 1.8058 -0.21203 2.3868
48.439 6627.5 293.35 20848 1.1228 -1.4355e-05 1.8058 -0.21203 2.3868
48.742 6707.7 295.44 20805 1.119 -1.3494e-05 1.8059 -0.21202 2.3868
49.281 6851.6 299.14 20728 1.1122 -1.2856e-05 1.806 -0.21201 2.3868
49.738 6974.7 302.26 20662 1.1064 -1.5374e-05 1.8062 -0.212 2.3868
49.864 7008.8 303.12 20644 1.1047 -1.6131e-05 1.8062 -0.212 2.3868
50.167 7090.9 305.16 20600 1.1008 -1.599e-05 1.8063 -0.21199 2.3868
50.705 7238.1 308.78 20523 1.0936 -1.4879e-05 1.8065 -0.21198 2.3867
51.162 7363.9 311.83 20457 1.0874 -1.4203e-05 1.8066 -0.21197 2.3867
51.289 7398.8 312.67 20439 1.0856 -1.3878e-05 1.8066 -0.21197 2.3867
51.591 7482.6 314.67 20396 1.0814 -1.2014e-05 1.8067 -0.21196 2.3867
52.13 7632.8 318.21 20318 1.0739 -1.2393e-05 1.8069 -0.21195 2.3867
52.587 7761.1 321.18 20253 1.0673 -1.8186e-05 1.807 -0.21194 2.3867
52.713 7796.6 322 20235 1.0655 -2.0078e-05 1.807 -0.21194 2.3867
53.016 7882 323.96 20191 1.0611 -2.3492e-05 1.8071 -0.21193 2.3867
53.555 8034.8 327.43 20114 1.0531 -2.8047e-05 1.8072 -0.21192 2.3867
54.012 8165.2 330.35 20048 1.0462 -2.86e-05 1.8074 -0.21191 2.3867
54.138 8201.3 331.16 20030 1.0443 -2.7721e-05 1.8074 -0.2119 2.3867
54.441 8288.1 333.08 19987 1.0396 -2.3932e-05 1.8075 -0.21189 2.3867
54.979 8443.2 336.5 19909 1.0313 -1.5132e-05 1.8076 -0.21188 2.3867
55.437 8575.5 339.39 19844 1.0241 -1.5577e-05 1.8077 -0.21187 2.3867
55.563 8612.1 340.19 19826 1.0221 -1.9145e-05 1.8078 -0.21186 2.3867
55.865 8700 342.1 19782 1.0173 -3.3135e-05 1.8078 -0.21186 2.3867
56.404 8857.2 345.51 19705 1.0086 -0.00011028 1.808 -0.21184 2.3867
56.861 8991.1 348.4 19639 1.0011 -0.00024774 1.8081 -0.21183 2.3867
56.987 9028.1 349.2 19621 0.99904 -0.00029592 1.8081 -0.21183 2.3867
57.242 9102.9 350.81 19585 0.99482 -0.00040195 1.8082 -0.21182 2.3867
57.81 9270.4 354.43 19503 0.98527 -0.00072456 1.8083 -0.2118 2.3867
58.622 9510.9 359.66 19387 0.9713 -0.0014495 1.8085 -0.21178 2.3867
59.579 9796 365.96 19249 0.95424 -0.002714 1.8087 -0.21175 2.3867
60.567 10091 372.68 19107 0.93591 -0.004419 1.8089 -0.21171 2.3867
61.465 10362 379.02 18979 0.91857 -0.0061275 1.8091 -0.21168 2.3867
62.166 10573 384.15 18878 0.90466 -0.0074343 1.8092 -0.21166 2.3867
62.585 10700 387.28 18818 0.89619 -0.0081836 1.8093 -0.21164 2.3867
62.686 10730 388.05 18803 0.89413 -0.0083619 1.8093 -0.21164 2.3867
62.941 10807 389.99 18767 0.88894 -0.0088057 1.8094 -0.21163 2.3867
63.509 10980 394.41 18685 0.87723 -0.0097528 1.8095 -0.21161 2.3867
64.321 11226 400.93 18569 0.8603 -0.010936 1.8096 -0.21158 2.3866
65.278 11517 408.94 18432 0.84017 -0.012013 1.8098 -0.21154 2.3866
66.265 11818 417.57 18290 0.81942 -0.012738 1.81 -0.2115 2.3866
67.164 12093 425.73 18161 0.80071 -0.013088 1.8101 -0.21146 2.3866
67.864 12307 432.31 18061 0.78631 -0.013204 1.8102 -0.21142 2.3866
68.284 12435 436.32 18001 0.77781 -0.013235 1.8103 -0.2114 2.3866
68.385 12466 437.3 17986 0.77577 -0.013241 1.8103 -0.2114 2.3866
68.788 12590 441.25 17928 0.76769 -0.013258 1.8104 -0.21138 2.3866
69.507 12810 448.42 17825 0.75352 -0.013281 1.8105 -0.21134 2.3866
70.116 12997 454.66 17738 0.74173 -0.013321 1.8106 -0.21131 2.3866
70.284 13049 456.4 17714 0.73851 -0.013341 1.8106 -0.2113 2.3866
70.688 13173 460.64 17656 0.73086 -0.013401 1.8107 -0.21128 2.3866
71.406 13394 468.34 17553 0.71747 -0.013625 1.8108 -0.21125 2.3866
72.016 13582 475.04 17466 0.70631 -0.013979 1.8109 -0.21121 2.3866
72.184 13634 476.92 17441 0.70326 -0.014101 1.8109 -0.2112 2.3866
72.715 13797 482.92 17365 0.69371 -0.014547 1.811 -0.21117 2.3865
73.766 14122 495.17 17215 0.67511 -0.015819 1.8111 -0.21111 2.3865
74.931 14483 509.34 17048 0.6548 -0.017885 1.8113 -0.21104 2.3865
75.766 14743 519.86 16928 0.64033 -0.019755 1.8114 -0.21099 2.3865
75.983 14810 522.65 16897 0.63656 -0.020305 1.8114 -0.21098 2.3865
76.79 15061 533.2 16781 0.62253 -0.022529 1.8115 -0.21092 2.3865
78.227 15507 552.73 16575 0.59717 -0.027285 1.8117 -0.21083 2.3865
79.446 15886 570.06 16400 0.57506 -0.03213 1.8118 -0.21074 2.3864
79.782 15990 574.97 16352 0.56883 -0.033595 1.8118 -0.21072 2.3864
79.886 16022 576.48 16337 0.56691 -0.034054 1.8119 -0.21071 2.3864
80.119 16094 579.93 16304 0.56254 -0.035102 1.8119 -0.21069 2.3864
80.458 16199 585 16255 0.55614 -0.036666 1.8119 -0.21067 2.3864
80.871 16326 591.25 16196 0.54829 -0.038632 1.812 -0.21063 2.3864
81.315 16463 598.1 16133 0.53971 -0.04083 1.812 -0.2106 2.3864
81.749 16597 604.89 16070 0.53125 -0.043033 1.8121 -0.21057 2.3864
82.13 16713 610.94 16016 0.52376 -0.044991 1.8121 -0.21054 2.3864
82.42 16801 615.62 15974 0.51801 -0.046488 1.8121 -0.21051 2.3864
82.591 16854 618.4 15950 0.51462 -0.047369 1.8121 -0.2105 2.3864
82.632 16866 619.07 15944 0.5138 -0.047581 1.8121 -0.21049 2.3864
82.735 16897 620.76 15929 0.51174 -0.048114 1.8122 -0.21049 2.3864
82.968 16968 624.61 15896 0.50708 -0.049313 1.8122 -0.21047 2.3864
83.308 17071 630.29 15847 0.50028 -0.051043 1.8122 -0.21044 2.3864
83.72 17195 637.29 15788 0.49201 -0.053108 1.8123 -0.2104 2.3864
84.165 17329 644.99 15724 0.48308 -0.055272 1.8123 -0.21036 2.3863
84.599 17459 652.65 15662 0.47441 -0.057308 1.8123 -0.21033 2.3863
84.979 17572 659.48 15607 0.46684 -0.059029 1.8124 -0.21029 2.3863
85.269 17658 664.75 15566 0.46111 -0.060301 1.8124 -0.21027 2.3863
85.44 17708 667.9 15541 0.45775 -0.061036 1.8124 -0.21025 2.3863
85.481 17720 668.65 15536 0.45694 -0.061212 1.8124 -0.21025 2.3863
85.584 17751 670.57 15521 0.45491 -0.061652 1.8124 -0.21024 2.3863
85.818 17819 674.92 15487 0.45036 -0.062633 1.8125 -0.21022 2.3863
86.157 17919 681.32 15439 0.44377 -0.064021 1.8125 -0.21019 2.3863
86.569 18039 689.22 15380 0.43585 -0.065636 1.8125 -0.21015 2.3863
87.014 18168 697.9 15316 0.42739 -0.067288 1.8126 -0.2101 2.3863
87.448 18293 706.49 15254 0.41924 -0.068811 1.8126 -0.21006 2.3863
87.829 18403 714.15 15199 0.41217 -0.070074 1.8126 -0.21002 2.3863
88.119 18485 720.05 15158 0.40683 -0.070992 1.8127 -0.21 2.3863
88.289 18534 723.55 15133 0.40371 -0.071517 1.8127 -0.20998 2.3862
88.331 18546 724.4 15127 0.40296 -0.071642 1.8127 -0.20997 2.3862
88.434 18575 726.53 15112 0.40108 -0.071954 1.8127 -0.20996 2.3862
88.667 18641 731.37 15079 0.39684 -0.072644 1.8127 -0.20994 2.3862
89.006 18737 738.48 15030 0.39073 -0.073605 1.8127 -0.2099 2.3862
89.419 18852 747.21 14971 0.38335 -0.074704 1.8128 -0.20986 2.3862
89.864 18976 756.77 14908 0.37546 -0.075801 1.8128 -0.20981 2.3862
90.298 19096 766.2 14845 0.36783 -0.076785 1.8128 -0.20977 2.3862
90.678 19201 774.57 14791 0.36117 -0.077576 1.8129 -0.20973 2.3862
90.968 19280 781 14749 0.35613 -0.078137 1.8129 -0.20969 2.3862
91.139 19326 784.81 14725 0.35316 -0.078451 1.8129 -0.20967 2.3862
91.18 19337 785.73 14719 0.35245 -0.078525 1.8129 -0.20967 2.3862
91.243 19355 787.16 14710 0.35135 -0.07864 1.8129 -0.20966 2.3862
91.386 19393 790.35 14689 0.34889 -0.078891 1.8129 -0.20965 2.3862
91.589 19448 794.93 14660 0.34538 -0.079236 1.8129 -0.20962 2.3862
91.828 19512 800.36 14626 0.34125 -0.079623 1.8129 -0.2096 2.3861
92.075 19578 805.99 14591 0.337 -0.079996 1.813 -0.20957 2.3861
92.299 19638 811.15 14559 0.33314 -0.080314 1.813 -0.20954 2.3861
92.474 19684 815.19 14533 0.33013 -0.080547 1.813 -0.20952 2.3861
92.579 19712 817.61 14518 0.32834 -0.080682 1.813 -0.20951 2.3861
92.605 19719 818.2 14515 0.3279 -0.080714 1.813 -0.20951 2.3861
92.668 19735 819.68 14506 0.32681 -0.080795 1.813 -0.2095 2.3861
92.81 19773 822.98 14485 0.32438 -0.08097 1.813 -0.20948 2.3861
93.013 19826 827.72 14456 0.3209 -0.081207 1.813 -0.20946 2.3861
93.253 19888 833.33 14422 0.31681 -0.081463 1.813 -0.20943 2.3861
93.499 19952 839.16 14387 0.31259 -0.081701 1.8131 -0.2094 2.3861
93.724 20010 844.49 14354 0.30875 -0.081893 1.8131 -0.20937 2.3861
93.899 20055 848.66 14329 0.30576 -0.082028 1.8131 -0.20935 2.3861
94.004 20081 851.16 14314 0.30398 -0.082103 1.8131 -0.20934 2.3861
94.029 20088 851.77 14311 0.30354 -0.08212 1.8131 -0.20933 2.3861
94.093 20104 853.29 14302 0.30246 -0.082164 1.8131 -0.20933 2.3861
94.235 20140 856.71 14281 0.30004 -0.082258 1.8131 -0.20931 2.3861
94.438 20191 861.6 14252 0.29658 -0.082377 1.8131 -0.20928 2.3861
94.677 20251 867.39 14218 0.2925 -0.082492 1.8131 -0.20925 2.3861
94.924 20313 873.4 14182 0.2883 -0.082581 1.8131 -0.20922 2.3861
95.149 20368 878.9 14150 0.28449 -0.082637 1.8132 -0.20919 2.386
95.324 20411 883.21 14125 0.28151 -0.082664 1.8132 -0.20917 2.386
95.429 20437 885.79 14110 0.27973 -0.082674 1.8132 -0.20916 2.386
95.454 20443 886.41 14107 0.2793 -0.082676 1.8132 -0.20915 2.386
95.518 20459 887.99 14097 0.27822 -0.082681 1.8132 -0.20915 2.386
95.66 20493 891.5 14077 0.27581 -0.082684 1.8132 -0.20913 2.386
95.863 20543 896.55 14048 0.27237 -0.082673 1.8132 -0.2091 2.386
96.102 20600 902.53 14014 0.26832 -0.082635 1.8132 -0.20907 2.386
96.349 20659 908.73 13978 0.26415 -0.082566 1.8132 -0.20904 2.386
96.573 20712 914.39 13946 0.26036 -0.082477 1.8132 -0.20901 2.386
96.749 20753 918.84 13921 0.2574 -0.082391 1.8133 -0.20898 2.386
96.853 20778 921.5 13906 0.25564 -0.082333 1.8133 -0.20897 2.386
96.879 20783 922.14 13902 0.25521 -0.082318 1.8133 -0.20897 2.386
97.006 20813 925.39 13884 0.25307 -0.082241 1.8133 -0.20895 2.386
97.29 20878 932.66 13844 0.2483 -0.082041 1.8133 -0.20891 2.386
97.696 20971 943.13 13785 0.24149 -0.081686 1.8133 -0.20885 2.386
98.175 21078 955.6 13717 0.23348 -0.081163 1.8133 -0.20879 2.3859
98.668 21186 968.57 13646 0.22525 -0.080504 1.8134 -0.20872 2.3859
99.117 21282 980.49 13582 0.21779 -0.079801 1.8134 -0.20865 2.3859
99.468 21355 989.86 13531 0.21198 -0.079181 1.8134 -0.2086 2.3859
99.677 21399 995.49 13501 0.20851 -0.078782 1.8134 -0.20857 2.3859
99.728 21409 996.86 13494 0.20767 -0.078682 1.8134 -0.20856 2.3859
99.855 21435 1000.3 13476 0.20557 -0.078427 1.8134 -0.20854 2.3859
100.14 21493 1008 13435 0.20087 -0.077829 1.8134 -0.2085 2.3859
100.55 21574 1019 13377 0.19417 -0.076905 1.8135 -0.20844 2.3859
101.02 21666 1032.2 13309 0.18628 -0.07571 1.8135 -0.20837 2.3858
101.52 21759 1045.8 13238 0.17814 -0.074358 1.8135 -0.20829 2.3858
101.97 21841 1058.3 13173 0.17075 -0.073023 1.8135 -0.20822 2.3858
102.32 21904 1068.1 13123 0.16498 -0.071911 1.8135 -0.20816 2.3858
102.53 21940 1074 13093 0.16154 -0.071217 1.8135 -0.20813 2.3858
102.58 21949 1075.4 13086 0.16071 -0.071046 1.8135 -0.20812 2.3858
103.38 22083 1098.2 12970 0.14746 -0.068151 1.8136 -0.20799 2.3857
104.82 22301 1139.4 12765 0.12405 -0.062189 1.8136 -0.20775 2.3857
106.04 22462 1174.8 12590 0.10465 -0.056321 1.8137 -0.20753 2.3856
106.38 22502 1184.7 12542 0.099422 -0.054571 1.8137 -0.20747 2.3856
107.18 22592 1208.7 12426 0.087217 -0.050145 1.8137 -0.20733 2.3856
108.62 22728 1252.5 12220 0.066926 -0.041457 1.8138 -0.20706 2.3855
109.84 22819 1290.8 12046 0.051618 -0.033276 1.8138 -0.20682 2.3854
110.18 22841 1301.6 11997 0.047764 -0.030887 1.8138 -0.20676 2.3854
110.98 22887 1327.8 11882 0.039281 -0.024931 1.8138 -0.2066 2.3854
112.42 22951 1374.6 11676 0.027225 -0.013518 1.8139 -0.2063 2.3853
113.64 22991 1413.3 11501 0.020758 -0.0030264 1.8139 -0.20605 2.3853
113.97 23000 1423.6 11453 0.019697 -3.1689e-10 1.8139 -0.20597 2.3852
