time (s) altitude (m) velocity (m/s) mass (kg)trajectory angle (rad) angle of attack (rad) heading angle (rad) latitude (rad)
0 90 15 27832 1.5691 0 1.6479 -0.2123 2.3868
0.26563 94.131 16.104 27794 1.5686 -7.4683e-10 1.6622 -0.2123 2.3868
0.79145 103.18 18.302 27718 1.5677 -8.7456e-10 1.6828 -0.2123 2.3868
1.3745 114.56 20.762 27634 1.5666 -2.0198e-09 1.6988 -0.2123 2.3868
1.7921 123.6 22.538 27574 1.5656 -5.8623e-09 1.7076 -0.2123 2.3868
1.9007 126.07 23.002 27558 1.5654 -2.861e-08 1.7096 -0.2123 2.3868
2.3042 135.71 24.732 27500 1.5644 -3.1897e-09 1.7164 -0.2123 2.3868
3.023 154.6 27.841 27396 1.5624 -4.4603e-09 1.7263 -0.2123 2.3868
3.6329 172.39 30.505 27309 1.5604 -9.8448e-09 1.733 -0.2123 2.3868
3.8013 177.59 31.245 27284 1.5599 -2.9759e-08 1.7347 -0.2123 2.3868
4.6085 204.24 34.818 27168 1.557 -4.8737e-09 1.7416 -0.2123 2.3868
6.0461 258.92 41.286 26960 1.5511 -7.4318e-09 1.7511 -0.2123 2.3868
7.2659 312.67 46.879 26785 1.5453 -1.7431e-08 1.7572 -0.2123 2.3868
7.6026 328.71 48.439 26736 1.5436 -1.0865e-07 1.7587 -0.2123 2.3868
8.4098 369.31 52.209 26620 1.5393 -1.5472e-08 1.7618 -0.2123 2.3868
9.8474 449.2 59.024 26412 1.5309 -1.8415e-08 1.7666 -0.2123 2.3868
11.067 524.71 64.908 26236 1.5231 -1.9299e-08 1.7699 -0.2123 2.3868
11.404 546.81 66.548 26188 1.5208 -3.0782e-06 1.7707 -0.2123 2.3868
11.548 556.44 67.252 26167 1.5198 -1.5955e-06 1.7711 -0.2123 2.3868
11.877 578.83 68.867 26120 1.5175 0 1.7718 -0.2123 2.3868
12.369 613.19 71.285 26049 1.5141 -9.9181e-08 1.7729 -0.2123 2.3868
12.988 658.21 74.356 25960 1.5095 0 1.7742 -0.2123 2.3868
13.693 711.79 77.881 25858 1.5042 -7.5468e-08 1.7756 -0.2123 2.3868
14.437 770.93 81.623 25751 1.4983 -6.922e-08 1.7769 -0.2123 2.3868
15.167 831.74 85.334 25645 1.4922 -9.0383e-08 1.7781 -0.2123 2.3868
15.835 889.7 88.752 25549 1.4865 -9.9236e-08 1.7791 -0.2123 2.3868
16.395 940.02 91.642 25468 1.4816 0 1.7799 -0.2123 2.3868
16.809 978.24 93.791 25409 1.478 -7.4253e-07 1.7805 -0.2123 2.3868
17.049 1000.8 95.036 25374 1.4758 -1.1947e-06 1.7808 -0.21229 2.3868
17.106 1006.2 95.333 25366 1.4753 -1.0241e-06 1.7809 -0.21229 2.3868
17.313 1025.9 96.411 25336 1.4734 -3.4751e-07 1.7812 -0.21229 2.3868
17.779 1071.2 98.86 25269 1.4691 -7.7178e-11 1.7818 -0.21229 2.3868
18.458 1139.2 102.45 25171 1.4628 -1.2664e-07 1.7826 -0.21229 2.3868
19.283 1225 106.83 25052 1.4547 -8.4786e-08 1.7835 -0.21229 2.3868
20.174 1321.5 111.6 24924 1.4457 -1.1443e-07 1.7845 -0.21229 2.3868
21.042 1419.6 116.31 24799 1.4367 -1.1962e-07 1.7854 -0.21229 2.3868
21.804 1508.9 120.47 24689 1.4287 -1.0778e-07 1.7861 -0.21229 2.3868
22.384 1579 123.66 24606 1.4224 -3.8265e-07 1.7866 -0.21228 2.3868
22.726 1621.1 125.56 24556 1.4187 -1.5525e-06 1.7869 -0.21228 2.3868
22.808 1631.3 126.02 24544 1.4178 -1.1661e-06 1.787 -0.21228 2.3868
23.224 1683.7 128.35 24484 1.4133 0 1.7873 -0.21228 2.3868
24.124 1799.8 133.41 24355 1.4035 -1.0067e-07 1.788 -0.21228 2.3868
25.324 1961.6 140.23 24182 1.3898 -7.0537e-08 1.789 -0.21227 2.3868
26.588 2140.3 147.54 24000 1.3753 -1.2177e-07 1.7898 -0.21227 2.3868
27.665 2299.3 153.85 23845 1.3626 -1.0415e-07 1.7906 -0.21226 2.3868
28.343 2402.4 157.88 23747 1.3547 -7.7255e-07 1.791 -0.21226 2.3868
28.51 2428.3 158.87 23723 1.3527 -1.7039e-06 1.7911 -0.21226 2.3868
28.908 2490.5 161.26 23666 1.348 -1.4306e-07 1.7913 -0.21226 2.3868
29.697 2616.3 166.02 23552 1.3386 -1.6913e-07 1.7918 -0.21225 2.3868
30.571 2759.7 171.37 23427 1.3282 -9.5528e-08 1.7923 -0.21225 2.3868
31.198 2864.9 175.24 23336 1.3207 -8.7928e-07 1.7926 -0.21224 2.3868
31.361 2892.7 176.25 23313 1.3188 -1.7857e-06 1.7927 -0.21224 2.3868
31.759 2961.1 178.74 23256 1.3141 -1.252e-07 1.7929 -0.21224 2.3868
32.548 3099.2 183.7 23142 1.3047 -1.6446e-07 1.7933 -0.21223 2.3868
33.422 3256.3 189.27 23016 1.2943 -1.1033e-07 1.7938 -0.21223 2.3868
34.049 3371.4 193.3 22926 1.2869 -4.5282e-07 1.7941 -0.21222 2.3868
34.212 3401.7 194.35 22903 1.285 -1.7061e-06 1.7942 -0.21222 2.3868
34.426 3441.7 195.74 22872 1.2825 -9.2065e-07 1.7943 -0.21222 2.3868
34.897 3530.8 198.81 22804 1.2769 -1.2955e-07 1.7945 -0.21222 2.3868
35.552 3656.7 203.12 22710 1.2693 -1.7166e-07 1.7948 -0.21221 2.3868
36.292 3801.6 208.02 22604 1.2606 -1.5024e-07 1.7951 -0.2122 2.3868
37.003 3943.9 212.79 22501 1.2524 -1.3172e-07 1.7954 -0.2122 2.3868
37.577 4060.9 216.67 22419 1.2458 -1.8898e-07 1.7957 -0.21219 2.3868
37.928 4133.2 219.05 22368 1.2418 -1.1851e-06 1.7958 -0.21219 2.3868
38.013 4151 219.63 22356 1.2408 -1.1677e-06 1.7958 -0.21218 2.3868
38.388 4229.2 222.19 22302 1.2365 -3.3118e-07 1.796 -0.21218 2.3868
39.171 4395.3 227.6 22190 1.2277 -6.3946e-08 1.7963 -0.21217 2.3868
40.149 4607.8 234.44 22049 1.2168 -1.4613e-07 1.7967 -0.21216 2.3868
41.062 4810.8 240.81 21918 1.2066 -7.6976e-08 1.797 -0.21215 2.3868
41.663 4947.1 245.06 21831 1.1998 -2.0084e-06 1.7973 -0.21214 2.3868
41.814 4981.7 246.12 21809 1.1982 -2.385e-06 1.7973 -0.21214 2.3868
41.952 5013.4 247.1 21790 1.1966 -1.8438e-06 1.7974 -0.21214 2.3868
42.263 5085.2 249.3 21745 1.1931 -2.0973e-07 1.7975 -0.21213 2.3868
42.716 5190.6 252.51 21680 1.1881 -1.3472e-07 1.7977 -0.21213 2.3868
43.266 5320.3 256.42 21601 1.1819 -3.1797e-07 1.7978 -0.21212 2.3868
43.86 5462.1 260.65 21515 1.1753 -8.0395e-08 1.7981 -0.21211 2.3868
44.438 5602.3 264.78 21432 1.1688 -4.3087e-07 1.7983 -0.2121 2.3868
44.946 5726.7 268.41 21359 1.1631 -3.1282e-08 1.7984 -0.21209 2.3868
45.333 5822.4 271.18 21304 1.1587 -2.1159e-06 1.7986 -0.21208 2.3868
45.561 5879.2 272.8 21271 1.1561 -2.3394e-06 1.7986 -0.21208 2.3868
45.616 5892.9 273.19 21263 1.1554 -2.1288e-06 1.7987 -0.21208 2.3868
45.99 5986.8 275.85 21209 1.1511 -2.3583e-07 1.7988 -0.21207 2.3868
46.773 6185.7 281.4 21097 1.142 -7.917e-08 1.799 -0.21206 2.3868
47.752 6438.6 288.3 20956 1.1304 -1.795e-07 1.7993 -0.21204 2.3868
48.664 6678.4 294.64 20825 1.1192 -7.6029e-08 1.7996 -0.21202 2.3868
49.266 6838.7 298.78 20739 1.1116 -3.2022e-06 1.7998 -0.21201 2.3868
49.417 6879.3 299.82 20717 1.1097 -2.5502e-06 1.7998 -0.21201 2.3868
49.948 7022.5 303.43 20641 1.1028 -1.8111e-07 1.8 -0.212 2.3868
51 7309.6 310.5 20490 1.0887 -9.7242e-08 1.8003 -0.21198 2.3867
52.166 7633 318.2 20322 1.0725 -5.4108e-07 1.8006 -0.21195 2.3867
53.001 7867.7 323.64 20202 1.0604 -1.9477e-07 1.8009 -0.21193 2.3867
53.218 7929.1 325.04 20171 1.0572 -3.2601e-07 1.8009 -0.21192 2.3867
53.622 8043.6 327.63 20113 1.0512 -6.1167e-06 1.801 -0.21191 2.3867
54.341 8248.8 332.23 20010 1.0403 -4.7582e-06 1.8012 -0.2119 2.3867
54.95 8424.1 336.1 19923 1.0309 -7.4216e-07 1.8014 -0.21188 2.3867
55.119 8472.7 337.17 19898 1.0282 -1.8732e-06 1.8014 -0.21188 2.3867
55.22 8501.8 337.81 19884 1.0266 -1.7013e-06 1.8014 -0.21187 2.3867
55.399 8553.8 338.94 19858 1.0238 -1.3189e-06 1.8015 -0.21187 2.3867
55.552 8598 339.91 19836 1.0214 -1.1504e-06 1.8015 -0.21186 2.3867
55.594 8610.2 340.17 19830 1.0207 -1.1787e-06 1.8015 -0.21186 2.3867
55.695 8639.5 340.81 19816 1.0191 -1.341e-06 1.8015 -0.21186 2.3867
55.875 8691.7 341.95 19790 1.0162 -2.944e-06 1.8016 -0.21186 2.3867
56.027 8736 342.91 19768 1.0138 -6.3185e-06 1.8016 -0.21185 2.3867
56.069 8748.3 343.18 19762 1.0131 -7.571e-06 1.8016 -0.21185 2.3867
56.271 8807.1 344.45 19733 1.0099 -1.6382e-05 1.8017 -0.21184 2.3867
56.63 8912.1 346.72 19681 1.004 -6.3052e-05 1.8018 -0.21183 2.3867
56.935 9001.4 348.65 19638 0.99904 -0.00014459 1.8018 -0.21183 2.3867
57.02 9026.1 349.19 19626 0.99765 -0.00017278 1.8019 -0.21182 2.3867
57.827 9263.6 354.32 19510 0.98418 -0.00058758 1.8021 -0.2118 2.3867
59.264 9689.7 363.64 19303 0.95918 -0.0021243 1.8024 -0.21176 2.3867
60.484 10054 371.87 19128 0.93674 -0.0042403 1.8026 -0.21172 2.3867
60.821 10155 374.21 19080 0.93032 -0.0049298 1.8027 -0.2117 2.3867
61.224 10276 377.06 19022 0.9225 -0.0057914 1.8028 -0.21169 2.3867
61.943 10493 382.27 18919 0.90825 -0.0073293 1.8029 -0.21166 2.3867
62.553 10677 386.82 18832 0.89587 -0.0085894 1.8031 -0.21164 2.3867
62.721 10727 388.1 18807 0.89241 -0.0089221 1.8031 -0.21164 2.3867
63.125 10849 391.21 18750 0.88404 -0.0097075 1.8032 -0.21162 2.3867
63.844 11067 396.88 18646 0.86894 -0.010974 1.8033 -0.21159 2.3867
64.454 11252 401.85 18559 0.85598 -0.011885 1.8034 -0.21157 2.3867
64.622 11303 403.25 18535 0.85238 -0.012118 1.8034 -0.21156 2.3866
65.429 11548 410.1 18419 0.83508 -0.01312 1.8036 -0.21153 2.3866
66.867 11986 422.91 18213 0.80426 -0.014193 1.8038 -0.21147 2.3866
68.087 12358 434.39 18038 0.77858 -0.014358 1.804 -0.21141 2.3866
68.423 12461 437.65 17990 0.77162 -0.01433 1.8041 -0.21139 2.3866
68.827 12584 441.61 17932 0.76337 -0.014255 1.8042 -0.21138 2.3866
69.546 12803 448.82 17829 0.74893 -0.014055 1.8043 -0.21134 2.3866
70.156 12990 455.09 17741 0.73696 -0.013829 1.8044 -0.21131 2.3866
70.324 13041 456.84 17717 0.73371 -0.013766 1.8044 -0.2113 2.3866
70.728 13165 461.09 17659 0.726 -0.013613 1.8044 -0.21128 2.3866
71.446 13385 468.8 17556 0.71257 -0.013389 1.8045 -0.21124 2.3866
72.056 13572 475.51 17469 0.70148 -0.013297 1.8046 -0.21121 2.3866
72.225 13624 477.38 17445 0.69846 -0.013292 1.8047 -0.2112 2.3866
72.756 13787 483.38 17369 0.68908 -0.013327 1.8047 -0.21117 2.3866
73.808 14110 495.6 17218 0.67103 -0.013793 1.8049 -0.21111 2.3865
74.974 14470 509.72 17051 0.65167 -0.014978 1.805 -0.21104 2.3865
75.809 14729 520.22 16931 0.6381 -0.01622 1.8051 -0.21098 2.3865
76.026 14796 523 16900 0.6346 -0.01661 1.8052 -0.21097 2.3865
76.833 15047 533.54 16784 0.62166 -0.018242 1.8053 -0.21092 2.3865
78.271 15494 553.05 16578 0.59868 -0.021955 1.8054 -0.21082 2.3865
79.491 15875 570.36 16403 0.57895 -0.025916 1.8056 -0.21073 2.3864
79.827 15980 575.26 16355 0.57344 -0.027141 1.8056 -0.21071 2.3864
80.116 16070 579.5 16314 0.56868 -0.028227 1.8056 -0.21069 2.3864
80.774 16275 589.35 16219 0.5577 -0.030871 1.8057 -0.21064 2.3864
81.757 16581 604.46 16078 0.54096 -0.035205 1.8058 -0.21056 2.3864
82.995 16966 624.3 15901 0.5192 -0.04135 1.806 -0.21046 2.3864
84.406 17401 648.12 15699 0.49363 -0.048702 1.8061 -0.21034 2.3864
85.893 17855 674.79 15486 0.46647 -0.055555 1.8062 -0.21021 2.3863
87.354 18296 702.65 15276 0.44039 -0.061175 1.8064 -0.21007 2.3863
88.69 18693 729.56 15085 0.41745 -0.065407 1.8065 -0.20994 2.3863
89.81 19023 753.12 14924 0.39895 -0.068244 1.8066 -0.20982 2.3862
90.638 19264 771.09 14806 0.38566 -0.069957 1.8066 -0.20973 2.3862
91.117 19403 781.7 14737 0.37811 -0.070778 1.8067 -0.20968 2.3862
91.231 19436 784.26 14721 0.37633 -0.070962 1.8067 -0.20967 2.3862
91.574 19534 791.96 14672 0.37101 -0.071475 1.8067 -0.20963 2.3862
92.352 19757 809.73 14560 0.35907 -0.072428 1.8068 -0.20954 2.3862
93.501 20081 836.63 14396 0.3418 -0.073272 1.8069 -0.20941 2.3861
94.927 20477 871.07 14191 0.32084 -0.073576 1.807 -0.20923 2.3861
96.514 20907 910.7 13964 0.29786 -0.073594 1.8071 -0.20903 2.386
98.135 21333 952.44 13732 0.27437 -0.073146 1.8072 -0.20881 2.386
99.657 21718 992.74 13514 0.25211 -0.071608 1.8073 -0.20859 2.3859
100.96 22034 1027.9 13327 0.23291 -0.069388 1.8073 -0.2084 2.3859
101.93 22261 1054.7 13188 0.21844 -0.067159 1.8074 -0.20824 2.3858
102.5 22389 1070.5 13106 0.20998 -0.065652 1.8074 -0.20815 2.3858
102.64 22419 1074.3 13087 0.20795 -0.065263 1.8074 -0.20813 2.3858
103.44 22595 1097 12971 0.19593 -0.06278 1.8074 -0.208 2.3858
104.88 22891 1137.9 12765 0.17468 -0.057552 1.8075 -0.20776 2.3857
106.1 23123 1173.3 12591 0.15711 -0.052306 1.8076 -0.20755 2.3857
106.44 23185 1183.2 12542 0.15238 -0.050727 1.8076 -0.20749 2.3856
107.24 23326 1207.2 12427 0.14134 -0.046712 1.8076 -0.20735 2.3856
108.68 23558 1251 12221 0.12293 -0.038754 1.8077 -0.20708 2.3855
109.9 23737 1289.3 12046 0.10896 -0.031193 1.8077 -0.20685 2.3855
110.24 23784 1300.1 11998 0.10542 -0.028974 1.8077 -0.20678 2.3855
111.04 23891 1326.2 11882 0.097568 -0.023426 1.8077 -0.20662 2.3854
112.48 24068 1372.9 11676 0.086116 -0.012737 1.8078 -0.20633 2.3854
113.7 24208 1411.8 11501 0.079452 -0.0028583 1.8078 -0.20607 2.3853
114.04 24246 1422.3 11453 0.078188 0 1.8078 -0.206 2.3853
