time (s) altitude (m) velocity (m/s) mass (kg) dynamic pressure (Pa)trajectory angle (rad) Lift (N)Drag (N)heading angle (rad) latitude (rad) angle of attack (rad) 
665.27 40617 2724 3300 13050 0.17016 15437 5387.3 1.823 -0.02173 0.28056
666.12 41010 2732.2 3287.4 12398 0.17033 14725 5148.7 1.823 -0.021385 0.28131
667.63 41713 2747.1 3265 11319 0.17049 13555 4758.3 1.8231 -0.020769 0.28285
668.91 42312 2760 3246 10481 0.17048 12576 4418.6 1.8231 -0.020243 0.28323
669.27 42478 2763.6 3240.8 10261 0.17046 12319 4329.4 1.8231 -0.020098 0.28333
670.12 42876 2772.3 3228.2 9754 0.17037 11835 4180.6 1.8231 -0.019748 0.28536
671.63 43589 2788 3205.9 8915 0.17013 11059 3947 1.8232 -0.019123 0.28964
672.91 44195 2801.5 3186.9 8263.2 0.16985 10290 3679 1.8232 -0.018589 0.2904
673.27 44363 2805.3 3181.6 8092.4 0.16975 10084 3606.6 1.8232 -0.018441 0.29053
674.12 44766 2814.4 3169 7698.2 0.1695 9684.2 3478.3 1.8232 -0.018087 0.2924
675.63 45485 2830.8 3146.7 7046.1 0.169 9018.3 3264.2 1.8233 -0.017452 0.29586
676.91 46096 2844.9 3127.7 6539.4 0.16851 8372 3030.3 1.8233 -0.01691 0.29591
677.26 46265 2848.8 3122.4 6406.7 0.16836 8203.9 2969.7 1.8233 -0.01676 0.29595
678.11 46671 2858.3 3109.8 6100.1 0.16798 7866.5 2856.3 1.8233 -0.0164 0.29738
679.63 47394 2875.4 3087.5 5615.2 0.16727 7309.6 2664.5 1.8234 -0.015755 0.29929
680.91 48009 2890.2 3068.5 5249.4 0.16661 6802.8 2474.1 1.8234 -0.015205 0.29834
681.26 48179 2894.3 3063.2 5152.7 0.16642 6673.9 2426.4 1.8234 -0.015052 0.29823
682.11 48586 2904.2 3050.7 4928 0.16594 6414 2336.5 1.8234 -0.014686 0.29921
683.62 49311 2922 3028.3 4552 0.16507 5942.3 2166.8 1.8235 -0.014031 0.2998
684.91 49928 2937.3 3009.3 4255.7 0.16428 5511.5 2002 1.8235 -0.013472 0.29814
685.26 50098 2941.6 3004 4177.4 0.16405 5404.9 1962.2 1.8235 -0.013317 0.29794
686.11 50506 2951.9 2991.5 3995.5 0.1635 5190.8 1887.5 1.8235 -0.012945 0.29876
687.62 51232 2970.4 2969.1 3700 0.16249 4807.8 1747.5 1.8236 -0.012279 0.29878
688.91 51849 2986.3 2950.1 3480.5 0.16161 4471.7 1615.7 1.8236 -0.01171 0.29644
689.26 52019 2990.7 2944.8 3422 0.16136 4389.4 1584.4 1.8236 -0.011553 0.2961
690.11 52427 3001.4 2932.3 3285.4 0.16075 4223.4 1525 1.8236 -0.011174 0.29653
691.62 53153 3020.6 2909.9 3054.1 0.15965 3910.9 1408.2 1.8237 -0.010497 0.29572
692.9 53769 3037.1 2890.9 2869.5 0.15869 3629.2 1298 1.8237 -0.0099186 0.29319
693.26 53939 3041.7 2885.6 2820.4 0.15842 3560.2 1271.8 1.8237 -0.0097584 0.29279
694.11 54346 3052.8 2873.1 2705.7 0.15776 3419 1221.3 1.8237 -0.0093735 0.29299
695.62 55071 3072.7 2850.7 2511.7 0.15659 3153.9 1121.9 1.8238 -0.0086843 0.2917
696.9 55686 3089.8 2831.7 2357.2 0.15558 2920.9 1031.3 1.8238 -0.008096 0.28906
697.26 55855 3094.5 2826.4 2316.1 0.15529 2863.9 1009.9 1.8238 -0.007933 0.28863
698.11 56262 3106 2813.9 2220.2 0.15461 2745.4 967.41 1.8238 -0.0075412 0.28862
699.62 56984 3126.5 2791.5 2058.3 0.15338 2523.3 884.23 1.8238 -0.0068399 0.2869
700.9 57597 3144.2 2772.5 1929.5 0.15232 2332.9 810.89 1.8239 -0.0062411 0.28421
701.25 57766 3149.1 2767.3 1895.2 0.15203 2286.3 793.56 1.8239 -0.0060752 0.28377
702.1 58170 3161 2754.7 1815.4 0.15132 2188.5 758.76 1.8239 -0.0056765 0.28362
703.62 58890 3182.3 2732.3 1680.8 0.15006 2008.1 692.03 1.8239 -0.0049625 0.28189
704.9 59500 3200.5 2713.3 1573.8 0.14898 1858.3 635.65 1.824 -0.004353 0.27965
705.25 59669 3205.6 2708.1 1545.4 0.14868 1821.8 622.39 1.824 -0.0041841 0.27933
706.1 60072 3217.9 2695.5 1479.1 0.14796 1745.4 596.12 1.824 -0.0037781 0.2795
707.61 60788 3239.8 2673.1 1367.6 0.1467 1616.1 551.56 1.824 -0.0030511 0.27973
708.9 61395 3258.7 2654.1 1279 0.14564 1508.6 513.71 1.824 -0.0024304 0.27935
709.25 61563 3263.9 2648.9 1255.5 0.14534 1479.4 503.37 1.824 -0.0022584 0.27916
710.1 61964 3276.5 2636.3 1200.7 0.14465 1415.4 481.23 1.8241 -0.0018449 0.27921
711.61 62678 3299.2 2613.9 1108.5 0.14342 1293 437.27 1.8241 -0.0011046 0.27711
712.9 63282 3318.6 2594.9 1035.4 0.14237 1186.5 398.09 1.8241 -0.00047234 0.27367
713.25 63449 3324 2589.7 1016 0.14208 1160.5 388.79 1.8241 -0.00029714 0.27305
714.1 63848 3337 2577.1 970.91 0.14138 1102.4 368.15 1.8241 0.00012399 0.27191
715.61 64559 3360.4 2554.7 895.03 0.14013 989.94 326.66 1.8242 0.00087819 0.26698
716.89 65160 3380.5 2535.7 834.97 0.13905 901.1 294.63 1.8242 0.0015223 0.26252
717.25 65326 3386.1 2530.5 819.05 0.13875 880.06 287.31 1.8242 0.0017008 0.26174
718.1 65724 3399.5 2517.9 782.02 0.13803 833.43 271.37 1.8242 0.0021299 0.26029
719.61 66430 3423.7 2495.5 719.86 0.13675 744.08 239.46 1.8243 0.0028984 0.25496
720.89 67028 3444.5 2476.5 670.73 0.13564 676.03 215.41 1.8243 0.0035547 0.25069
721.25 67193 3450.3 2471.3 657.72 0.13534 659.86 209.89 1.8243 0.0037366 0.24992
721.83 67465 3459.9 2462.6 636.77 0.13483 636.31 202.16 1.8243 0.0040373 0.24926
723.09 68051 3480.6 2444 593.62 0.13375 583.63 184.28 1.8243 0.0046894 0.24659
724.78 68832 3508.7 2419 540.21 0.13231 521.21 163.59 1.8244 0.0055661 0.2435
726.55 69651 3538.7 2392.8 488.78 0.1308 463.17 144.97 1.8244 0.0064969 0.24042
728.06 70347 3564.5 2370.4 448.56 0.12952 414.17 128.96 1.8244 0.0072964 0.23608
729.01 70784 3581 2356.4 424.87 0.12872 385.25 119.5 1.8244 0.007802 0.23312
729.24 70892 3585 2352.9 419.19 0.12852 379.05 117.52 1.8244 0.0079272 0.23267
729.69 71099 3592.9 2346.2 408.36 0.12814 367.47 113.83 1.8244 0.0081678 0.23189
730.68 71553 3610.3 2331.6 385.08 0.12729 337.82 104.02 1.8245 0.0086999 0.22785
732.06 72184 3634.7 2311.2 354.82 0.1261 293.69 89.05 1.8245 0.0094441 0.21897
733.62 72894 3662.6 2288.1 323.44 0.12468 234.96 69.349 1.8245 0.01029 0.20011
735.11 73574 3690 2266 295.86 0.12316 176.66 50.82 1.8245 0.01111 0.17498
736.32 74121 3712.4 2248.1 275.3 0.12181 138.03 40.071 1.8246 0.011776 0.15434
737.06 74452 3726.2 2237.2 263.48 0.12092 116.45 34.085 1.8246 0.012185 0.14151
737.24 74533 3729.6 2234.5 260.68 0.1207 111.78 32.87 1.8246 0.012285 0.13849
737.82 74795 3740.6 2225.9 251.78 0.11997 99.007 29.875 1.8246 0.01261 0.12949
739.08 75358 3764.7 2207.2 233.64 0.11829 71.102 23.282 1.8246 0.013316 0.107
740.77 76101 3797.3 2182.3 211.55 0.11585 43.71 17.582 1.8246 0.014265 0.078072
742.54 76874 3832.2 2156 190.72 0.11303 21.163 13.769 1.8247 0.015274 0.046837
744.05 77522 3862.4 2133.7 174.76 0.11043 7.7969 11.823 1.8247 0.016141 0.020751
745 77924 3881.5 2119.6 165.51 0.10871 1.4277 10.956 1.8247 0.016689 0.004012
745.24 78023 3886.3 2116.1 163.31 0.10827 -3.1402e-16 10.754 1.8247 0.016825 0
745.24 78023 3886.3 2116.1 163.31 0.10827 -3.1402e-16 10.754 1.8247 0.016825 0
746.24 78443 3885.3 2116.1 152.58 0.10639 9.7794e-16 10.043 1.8247 0.017405 0
747.24 78851 3884.3 2116.1 142.77 0.10451 9.1505e-16 9.394 1.8247 0.017985 0
748.24 79253 3883.4 2116.1 133.71 0.10263 4.285e-16 8.795 1.8248 0.018565 0
749.24 79647 3882.4 2116.1 125.35 0.10074 4.017e-16 8.242 1.8248 0.019144 0
750.24 80034 3881.5 2116.1 117.62 0.098857 3.7693e-16 7.7312 1.8248 0.019724 0
751.24 80413 3880.6 2116.1 110.47 0.096972 -5.6646e-16 7.2592 1.8248 0.020303 0
752.24 80785 3879.7 2116.1 103.87 0.095086 3.3286e-16 6.8227 1.8248 0.020883 0
753.24 81150 3878.8 2116.1 97.751 0.0932 -5.0122e-16 6.4188 1.8248 0.021462 0
754.24 81507 3878 2116.1 92.088 0.091312 2.9512e-16 6.045 1.8248 0.022041 0
755.24 81857 3877.1 2116.1 86.842 0.089424 2.783e-16 5.6988 1.8248 0.022621 0
756.24 82200 3876.3 2116.1 81.979 0.087535 2.6272e-16 5.378 1.8249 0.0232 0
757.24 82535 3875.5 2116.1 77.468 0.085646 0 5.0805 1.8249 0.023779 0
758.24 82863 3874.8 2116.1 73.284 0.083755 0 4.8046 1.8249 0.024358 0
759.24 83183 3874 2116.1 69.399 0.081864 2.8912e-16 4.5485 1.8249 0.024937 0
760.24 83496 3873.3 2116.1 65.791 0.079973 -2.7409e-16 4.3107 1.8249 0.025516 0
761.24 83802 3872.5 2116.1 62.438 0.078081 2.6012e-16 4.0898 1.8249 0.026095 0
762.24 84100 3871.8 2116.1 59.321 0.076188 -2.4714e-16 3.8846 1.8249 0.026674 0
763.24 84391 3871.1 2116.1 56.422 0.074294 -3.6163e-16 3.6937 1.8249 0.027253 0
764.24 84675 3870.5 2116.1 53.725 0.0724 2.2382e-16 3.5162 1.825 0.027832 0
765.24 84951 3869.8 2116.1 51.164 0.070505 -2.1315e-16 3.348 1.825 0.02841 0
766.24 85220 3869.2 1985.2 0 0.06861 0 0 1.825 0.028989 0
767.24 85482 3868.6 1985.2 0 0.066714 0 0 1.825 0.029568 0
768.24 85736 3868 1985.2 0 0.064818 0 0 1.825 0.030146 0
769.24 85983 3867.4 1985.2 0 0.062921 -0 0 1.825 0.030725 0
770.24 86223 3866.8 1985.2 0 0.061023 -0 0 1.825 0.031303 0
771.24 86455 3866.3 1985.2 0 0.059125 -0 0 1.825 0.031882 0
772.24 86679 3865.8 1985.2 0 0.057227 -0 0 1.825 0.03246 0
773.24 86897 3865.3 1985.2 0 0.055328 -0 0 1.825 0.033039 0
774.24 87107 3864.8 1985.2 0 0.053429 -0 0 1.825 0.033617 0
775.24 87310 3864.3 1985.2 0 0.051529 -0 0 1.8251 0.034196 0
776.24 87505 3863.9 1985.2 0 0.049629 0 0 1.8251 0.034774 0
777.24 87693 3863.5 1985.2 0 0.047728 0 0 1.8251 0.035352 0
778.24 87874 3863 1985.2 0 0.045827 -0 0 1.8251 0.035931 0
779.24 88047 3862.6 1985.2 0 0.043926 -0 0 1.8251 0.036509 0
780.24 88213 3862.3 1985.2 0 0.042024 0 0 1.8251 0.037087 0
781.24 88371 3861.9 1985.2 0 0.040122 0 0 1.8251 0.037665 0
782.24 88523 3861.6 1985.2 0 0.03822 -0 0 1.8251 0.038243 0
783.24 88667 3861.2 1985.2 0 0.036317 -0 0 1.8251 0.038821 0
784.24 88803 3860.9 1985.2 0 0.034414 0 0 1.8251 0.0394 0
785.24 88932 3860.7 1985.2 0 0.032511 -0 0 1.8251 0.039978 0
786.24 89054 3860.4 1985.2 0 0.030608 -0 0 1.8251 0.040556 0
787.24 89169 3860.1 1985.2 0 0.028704 0 0 1.8251 0.041134 0
788.24 89276 3859.9 1985.2 0 0.0268 0 0 1.8251 0.041712 0
789.24 89375 3859.7 1985.2 0 0.024896 0 0 1.8251 0.04229 0
790.24 89468 3859.5 1985.2 0 0.022992 0 0 1.8251 0.042868 0
791.24 89553 3859.3 1985.2 0 0.021088 0 0 1.8251 0.043446 0
792.24 89631 3859.2 1985.2 0 0.019183 -0 0 1.8251 0.044024 0
793.24 89701 3859 1985.2 0 0.017279 0 0 1.8251 0.044602 0
794.24 89764 3858.9 1985.2 0 0.015374 -0 0 1.8251 0.04518 0
795.24 89820 3858.8 1985.2 0 0.013469 0 0 1.8251 0.045758 0
796.24 89868 3858.7 1985.2 0 0.011564 0 0 1.8251 0.046336 0
797.24 89909 3858.7 1985.2 0 0.0096587 -0 0 1.8252 0.046914 0
798.24 89942 3858.6 1985.2 0 0.0077536 -0 0 1.8252 0.047492 0
799.24 89969 3858.6 1985.2 0 0.0058484 -0 0 1.8252 0.04807 0
800.24 89988 3858.6 1985.2 0 0.0039432 0 0 1.8252 0.048648 0
801.24 89999 3858.6 1985.2 0 0.002038 -0 0 1.8252 0.049226 0
802.24 90003 3858.6 1985.2 0 0.00013283 -0 0 1.8252 0.049804 0
803.24 90000 3858.6 1985.2 0 0 -0 0 1.8252 0.050382 0
