time (s) altitude (m) velocity (m/s) mass (kg) dynamic pressure (Pa)trajectory angle (rad) Lift (N)Drag (N)heading angle (rad) latitude (rad) angle of attack (rad) 
643.64 41876 2707 3300 10735 0.20029 10337 3336.3 1.829 -0.029047 0.2439
644.39 42279 2714.6 3288.9 10187 0.19987 9809.4 3166 1.829 -0.028747 0.24391
645.72 42998 2728.4 3269.2 9284.9 0.19901 8940 2885 1.8291 -0.028211 0.24389
646.85 43609 2740.3 3252.4 8588.5 0.19819 8266.2 2667.1 1.8291 -0.027754 0.24382
647.17 43777 2743.6 3247.8 8406.5 0.19795 8089.3 2609.8 1.8291 -0.027628 0.24378
647.91 44181 2751.6 3236.7 7987.5 0.19735 7697.4 2484 1.8291 -0.027324 0.24403
649.25 44901 2766.1 3217 7297.5 0.19621 7049.1 2276 1.8292 -0.02678 0.24442
650.38 45510 2778.5 3200.2 6764 0.19518 6533.5 2109.2 1.8292 -0.026316 0.24441
650.69 45679 2781.9 3195.6 6624.5 0.19489 6398.2 2065.4 1.8292 -0.026188 0.2444
651.68 46209 2792.9 3181 6205.1 0.19394 6008.9 1941.8 1.8293 -0.025782 0.24482
653.63 47258 2814.9 3152.1 5474.3 0.19197 5343.2 1732 1.8293 -0.024973 0.24608
655.79 48418 2839.9 3120.1 4812.8 0.1897 4732.2 1537.5 1.8294 -0.024069 0.24725
657.34 49247 2858 3097.2 4390.4 0.18801 4332.2 1408.9 1.8294 -0.023416 0.2478
657.74 49462 2862.8 3091.2 4287 0.18757 4233.4 1376.9 1.8294 -0.023246 0.24792
659.24 50261 2880.7 3069 3924.6 0.18591 3904 1273.1 1.8295 -0.022609 0.2491
661.91 51677 2913 3029.6 3378.8 0.1829 3393.3 1109.5 1.8295 -0.021466 0.25063
664.17 52873 2941.1 2996.1 2992.8 0.18032 2991.7 974.76 1.8296 -0.020486 0.24978
664.8 53203 2948.9 2986.8 2893.7 0.17959 2884.6 938.22 1.8296 -0.020213 0.24931
665.54 53597 2958.3 2975.7 2779.1 0.17872 2771.2 900.77 1.8296 -0.019886 0.24934
666.88 54297 2975.3 2956 2585.3 0.17717 2571.5 833.89 1.8297 -0.0193 0.24891
668.01 54890 2989.8 2939.2 2431 0.17584 2405.8 777.53 1.8297 -0.018801 0.24805
668.32 55053 2993.9 2934.6 2389.9 0.17548 2362.6 763 1.8297 -0.018662 0.24787
669.07 55444 3003.6 2923.5 2294.1 0.1746 2266.5 731.17 1.8297 -0.01833 0.24775
670.4 56138 3021.1 2903.8 2132.4 0.17302 2097.2 674.26 1.8298 -0.017735 0.24698
671.54 56726 3036 2887 2003.7 0.17168 1958 626.99 1.8298 -0.017227 0.24592
671.85 56888 3040.2 2882.4 1969.4 0.17131 1922.5 615.1 1.8298 -0.017086 0.24574
672.6 57276 3050.2 2871.3 1889.6 0.17043 1843.3 589.1 1.8298 -0.016748 0.24561
673.93 57964 3068.1 2851.6 1755 0.16885 1705.7 543.4 1.8298 -0.016144 0.24499
675.06 58547 3083.5 2834.8 1647.9 0.16751 1596 507 1.8299 -0.015628 0.24441
675.37 58707 3087.8 2830.2 1619.4 0.16714 1567.6 497.7 1.8299 -0.015485 0.24432
676.12 59092 3098.1 2819.1 1553 0.16626 1504.1 477.23 1.8299 -0.015142 0.24439
677.46 59774 3116.5 2799.4 1441.1 0.16469 1397.3 442.86 1.8299 -0.014528 0.24454
678.59 60351 3132.3 2782.6 1352.2 0.16338 1309.5 414.26 1.83 -0.014003 0.24433
678.9 60510 3136.7 2778 1328.6 0.16301 1286.2 406.71 1.83 -0.013858 0.24426
679.88 61011 3150.6 2763.4 1256.5 0.16188 1216.2 384.1 1.83 -0.013399 0.24421
681.84 62000 3178.4 2734.5 1124.7 0.15964 1081.6 340.26 1.83 -0.012483 0.24307
684 63089 3209.8 2702.5 993.7 0.15717 935.25 291.76 1.8301 -0.011458 0.23934
685.55 63866 3232.6 2679.6 908.88 0.1554 837.54 259.25 1.8301 -0.010718 0.23578
685.95 64068 3238.5 2673.6 887.99 0.15493 814.87 251.81 1.8301 -0.010524 0.23509
686.94 64560 3253.2 2659 838.74 0.1538 762.19 234.56 1.8301 -0.010049 0.23347
688.89 65529 3282.6 2630.1 748.78 0.15156 657.55 199.78 1.8302 -0.0091032 0.22795
691.05 66598 3315.8 2598.1 659.74 0.14906 556.27 166.33 1.8302 -0.0080438 0.22163
692.6 67359 3339.9 2575.2 602.25 0.14726 493.01 146.16 1.8303 -0.0072781 0.21723
693 67556 3346.2 2569.2 588.1 0.14679 479.16 141.9 1.8303 -0.0070782 0.21654
693.99 68038 3361.8 2554.6 554.81 0.14564 446.45 131.83 1.8303 -0.0065873 0.21474
695.94 68987 3392.9 2525.7 494.12 0.14337 384.35 112.47 1.8303 -0.0056088 0.20995
698.1 70031 3427.9 2493.7 434.23 0.14087 330.11 96.502 1.8304 -0.004513 0.20658
699.65 70775 3453.4 2470.8 395.65 0.1391 294.73 86.108 1.8304 -0.0037209 0.20362
700.05 70968 3460.1 2464.8 386.19 0.13864 286.28 83.633 1.8304 -0.003514 0.20292
701.04 71438 3476.5 2450.2 363.31 0.13752 265.42 77.483 1.8304 -0.0030061 0.20084
702.99 72365 3509.4 2421.3 321.84 0.13527 212.94 61.428 1.8305 -0.0019935 0.18745
705.15 73384 3546.6 2389.3 281.38 0.13259 144.81 41.388 1.8305 -0.00085924 0.15715
706.7 74108 3573.7 2366.4 255.62 0.13047 100.63 29.871 1.8305 -3.915e-05 0.12945
707.11 74295 3580.9 2360.4 249.34 0.12989 91.551 27.752 1.8306 0.00017502 0.12275
708.09 74750 3598.4 2345.8 234.63 0.12841 70.613 22.811 1.8306 0.00070104 0.10576
710.04 75643 3633.7 2316.9 208.17 0.12526 38.88 16.422 1.8306 0.0017501 0.071722
712.21 76615 3673.5 2284.9 182.57 0.12141 13.354 12.556 1.8306 0.0029258 0.034055
713.76 77299 3702.5 2262 166.4 0.11843 2.5059 11.157 1.8307 0.0037761 0.0070058
714.16 77475 3710.1 2256 162.47 0.11762 -1.4579e-15 10.799 1.8307 0.0039982 0
714.16 77475 3710.1 2256 162.47 0.11762 -1.4579e-15 10.799 1.8307 0.0039982 0
715.16 77910 3709 2256 151.46 0.1156 -2.1357e-15 10.064 1.8307 0.0045504 0
716.16 78334 3708 2256 141.41 0.11357 -8.1574e-16 9.3933 1.8307 0.0051025 0
717.16 78751 3706.9 2256 132.16 0.11155 -8.4707e-17 8.7757 1.8307 0.0056545 0
718.16 79159 3705.9 2256 123.63 0.10952 9.5088e-16 8.2066 1.8307 0.0062064 0
719.16 79561 3704.9 2256 115.76 0.10749 -1.0388e-15 7.6818 1.8308 0.0067583 0
720.16 79954 3703.9 2256 108.5 0.10546 -6.9544e-17 7.1977 1.8308 0.0073101 0
721.16 80340 3702.9 2256 101.8 0.10343 4.5673e-16 6.7508 1.8308 0.0078619 0
722.16 80719 3702 2256 95.608 0.1014 -6.1279e-17 6.3382 1.8308 0.0084136 0
723.16 81090 3701.1 2256 89.884 0.099373 -8.0654e-16 5.9568 1.8308 0.0089652 0
724.16 81453 3700.1 2256 84.589 0.09734 -3.253e-16 5.6042 1.8308 0.0095168 0
725.16 81809 3699.3 2256 79.69 0.095307 -3.0646e-16 5.2781 1.8308 0.010068 0
726.16 82157 3698.4 2256 75.155 0.093273 -2.8902e-16 4.9762 1.8309 0.01062 0
727.16 82498 3697.5 2256 70.953 0.091238 9.0953e-17 4.6966 1.8309 0.011171 0
728.16 82831 3696.7 2256 67.059 0.089203 -6.0173e-16 4.4375 1.8309 0.011723 0
729.16 83157 3695.9 2256 63.448 0.087166 -5.6933e-16 4.1974 1.8309 0.012274 0
730.16 83475 3695.1 2256 60.098 0.085129 -7.3186e-16 3.9746 1.8309 0.012825 0
731.16 83785 3694.3 2256 56.988 0.08309 7.3052e-17 3.7679 1.8309 0.013376 0
732.16 84088 3693.6 2256 54.1 0.081051 5.2013e-16 3.576 1.8309 0.013927 0
733.16 84383 3692.9 2256 51.417 0.079012 -3.6251e-16 3.3978 1.8309 0.014479 0
734.16 84671 3692.1 2256 48.924 0.076971 -5.9578e-16 3.2322 1.831 0.01503 0
735.16 84951 3691.4 2256 46.559 0.07493 -5.6699e-16 3.0755 1.831 0.015581 0
736.16 85224 3690.8 2125.1 0 0.072888 0 0 1.831 0.016132 0
737.16 85489 3690.1 2125.1 0 0.070846 -0 0 1.831 0.016683 0
738.16 85746 3689.5 2125.1 0 0.068803 -0 0 1.831 0.017233 0
739.16 85996 3688.9 2125.1 0 0.066759 -0 0 1.831 0.017784 0
740.16 86238 3688.3 2125.1 0 0.064714 0 0 1.831 0.018335 0
741.16 86473 3687.7 2125.1 0 0.062669 0 0 1.831 0.018886 0
742.16 86700 3687.2 2125.1 0 0.060624 -0 0 1.831 0.019437 0
743.16 86920 3686.6 2125.1 0 0.058578 0 0 1.831 0.019987 0
744.16 87132 3686.1 2125.1 0 0.056531 -0 0 1.8311 0.020538 0
745.16 87336 3685.6 2125.1 0 0.054484 -0 0 1.8311 0.021089 0
746.16 87533 3685.1 2125.1 0 0.052436 -0 0 1.8311 0.021639 0
747.16 87723 3684.7 2125.1 0 0.050388 0 0 1.8311 0.02219 0
748.16 87904 3684.2 2125.1 0 0.048339 0 0 1.8311 0.02274 0
749.16 88079 3683.8 2125.1 0 0.04629 -0 0 1.8311 0.023291 0
750.16 88245 3683.4 2125.1 0 0.044241 -0 0 1.8311 0.023842 0
751.16 88404 3683 2125.1 0 0.042191 0 0 1.8311 0.024392 0
752.16 88556 3682.7 2125.1 0 0.04014 -0 0 1.8311 0.024942 0
753.16 88700 3682.3 2125.1 0 0.03809 0 0 1.8311 0.025493 0
754.16 88836 3682 2125.1 0 0.036039 0 0 1.8311 0.026043 0
755.16 88965 3681.7 2125.1 0 0.033988 -0 0 1.8311 0.026594 0
756.16 89087 3681.4 2125.1 0 0.031936 0 0 1.8311 0.027144 0
757.16 89200 3681.2 2125.1 0 0.029884 0 0 1.8311 0.027695 0
758.16 89307 3680.9 2125.1 0 0.027832 0 0 1.8311 0.028245 0
759.16 89405 3680.7 2125.1 0 0.02578 0 0 1.8311 0.028795 0
760.16 89496 3680.5 2125.1 0 0.023727 -0 0 1.8311 0.029346 0
761.16 89580 3680.3 2125.1 0 0.021674 -0 0 1.8311 0.029896 0
762.16 89656 3680.2 2125.1 0 0.019621 0 0 1.8311 0.030446 0
763.16 89724 3680 2125.1 0 0.017568 -0 0 1.8312 0.030997 0
764.16 89785 3679.9 2125.1 0 0.015515 0 0 1.8312 0.031547 0
765.16 89838 3679.8 2125.1 0 0.013461 -0 0 1.8312 0.032097 0
766.16 89884 3679.7 2125.1 0 0.011408 -0 0 1.8312 0.032648 0
767.16 89922 3679.7 2125.1 0 0.0093544 -0 0 1.8312 0.033198 0
768.16 89953 3679.6 2125.1 0 0.0073007 0 0 1.8312 0.033748 0
769.16 89976 3679.6 2125.1 0 0.0052471 0 0 1.8312 0.034298 0
770.16 89992 3679.6 2125.1 0 0.0031933 -0 0 1.8312 0.034849 0
771.16 90000 3679.6 2125.1 0 0.0011396 -0 0 1.8312 0.035399 0
772.16 90000 3679.6 2125.1 0 0 -0 0 1.8312 0.035949 0
