time (s) altitude (m) velocity (m/s) mass (kg) dynamic pressure (Pa)trajectory angle (rad) Lift (N)Drag (N)heading angle (rad) latitude (rad) angle of attack (rad) 
759.2 41368 2668.8 3300 11230 0.16088 15707 5915.2 1.822 0.0043615 0.31479
759.65 41559 2673 3293.4 10957 0.16104 15318 5766.7 1.822 0.0045399 0.31468
760.45 41902 2680.6 3281.6 10488 0.16128 14677 5528.6 1.822 0.0048582 0.31489
761.12 42194 2687.2 3271.5 10105 0.16144 14189 5355.4 1.8221 0.0051289 0.31559
761.31 42275 2689 3268.8 10002 0.16148 14045 5301.1 1.8221 0.0052038 0.3156
761.76 42468 2693.4 3262.1 9759.7 0.16156 13730 5188.2 1.8221 0.0053835 0.316
762.56 42815 2701.2 3250.3 9342.4 0.16168 13212 5008.6 1.8221 0.0057042 0.31713
763.23 43109 2708 3240.3 9002.9 0.16175 12779 4854.8 1.8221 0.005977 0.31791
763.42 43191 2709.9 3237.5 8911.4 0.16176 12650 4806.2 1.8221 0.0060524 0.31793
763.87 43387 2714.4 3230.9 8696 0.16179 12365 4702.4 1.8221 0.0062334 0.31829
764.66 43736 2722.4 3219.1 8325.7 0.1618 11892 4535 1.8221 0.0065565 0.31927
765.34 44033 2729.4 3209.1 8024.4 0.16178 11484 4384.2 1.8222 0.0068314 0.31969
765.53 44115 2731.3 3206.3 7943.2 0.16178 11363 4336.6 1.8222 0.0069075 0.31959
765.98 44312 2735.9 3199.7 7752.2 0.16174 11092 4233.8 1.8222 0.0070899 0.31964
766.77 44664 2744.2 3187.9 7423.9 0.16166 10582 4029.8 1.8222 0.0074155 0.31881
767.45 44964 2751.4 3177.9 7157 0.16155 10136 3844.5 1.8222 0.0076926 0.31741
767.64 45046 2753.3 3175.1 7085.1 0.16151 10023 3798.8 1.8222 0.0077692 0.31716
768.09 45245 2758.1 3168.5 6915.9 0.16142 9777.5 3704.4 1.8222 0.0079531 0.31703
768.88 45599 2766.7 3156.7 6625.3 0.16122 9333 3528 1.8222 0.0082814 0.31626
769.56 45899 2774 3146.6 6389 0.16102 8967.7 3382.2 1.8222 0.0085607 0.31548
769.75 45982 2776.1 3143.9 6325.4 0.16097 8872 3344.5 1.8223 0.008638 0.31532
770.19 46182 2781 3137.2 6175.6 0.16082 8665.4 3267.3 1.8223 0.0088233 0.31541
770.99 46537 2789.8 3125.4 5918.4 0.16054 8295 3125.3 1.8223 0.0091543 0.31516
771.67 46839 2797.3 3115.4 5709.3 0.16027 7983.6 3003.5 1.8223 0.009436 0.31467
771.86 46923 2799.4 3112.6 5652.6 0.1602 7901.8 2972.1 1.8223 0.0095139 0.3146
772.3 47123 2804.4 3106 5527.4 0.16001 7740.4 2914.4 1.8223 0.0097008 0.31497
773.1 47479 2813.4 3094.2 5318 0.15967 7459.7 2811.2 1.8223 0.010035 0.31532
773.78 47782 2821.1 3084.2 5146.6 0.15936 7200.7 2708.9 1.8223 0.010319 0.31476
773.96 47866 2823.2 3081.4 5100.2 0.15927 7132.4 2682.3 1.8223 0.010397 0.31465
774.41 48066 2828.4 3074.8 4990.8 0.15906 6989.3 2630.6 1.8224 0.010586 0.31494
775.21 48424 2837.6 3063 4801.7 0.15867 6730.2 2534 1.8224 0.010922 0.31511
775.89 48727 2845.4 3053 4646.8 0.15832 6500.9 2444.5 1.8224 0.011209 0.3147
776.07 48811 2847.6 3050.2 4605 0.15822 6443.5 2423.1 1.8224 0.011288 0.31474
776.97 49213 2858.1 3036.9 4409.5 0.15775 6220.3 2350.5 1.8224 0.011669 0.31646
778.57 49930 2877 3013.3 4081.5 0.15689 5804.5 2203.4 1.8224 0.01235 0.31819
779.92 50539 2893.3 2993.3 3822.4 0.15613 5402.4 2042.5 1.8225 0.012932 0.31682
780.29 50707 2897.8 2987.7 3753.9 0.15591 5300.6 2002.8 1.8225 0.013093 0.31662
781.19 51110 2908.7 2974.5 3598.7 0.15538 5122.4 1944.4 1.8225 0.013481 0.31833
782.78 51828 2928.3 2950.9 3354.6 0.15444 4814.3 1835.4 1.8225 0.014174 0.32008
784.14 52438 2945.2 2930.8 3159.1 0.15363 4494.2 1703.6 1.8226 0.014767 0.31814
784.51 52607 2949.9 2925.3 3107 0.1534 4412.1 1670.4 1.8226 0.014931 0.31774
785.41 53011 2961.2 2912 2985.1 0.15284 4261.8 1617.9 1.8226 0.015325 0.3189
787 53730 2981.5 2888.4 2778.3 0.15184 3988.4 1517.7 1.8226 0.016031 0.32006
788.36 54340 2998.9 2868.4 2612.9 0.15099 3726.5 1411.4 1.8227 0.016635 0.31861
788.73 54509 3003.8 2862.8 2568.9 0.15075 3656.7 1383.1 1.8227 0.016802 0.31819
789.62 54913 3015.5 2849.6 2465.9 0.15017 3509.1 1326.4 1.8227 0.017203 0.31811
791.22 55633 3036.6 2826 2291.5 0.14913 3237.6 1217.2 1.8227 0.017923 0.31653
792.57 56243 3054.7 2805.9 2152.3 0.14822 3020.4 1130 1.8227 0.018537 0.31505
792.95 56412 3059.7 2800.4 2115.2 0.14797 2963.7 1107.4 1.8228 0.018707 0.31471
793.26 56551 3063.9 2795.8 2085 0.14776 2922.4 1092 1.8228 0.018848 0.31477
793.92 56851 3072.9 2786 2021.2 0.14731 2832.4 1057.8 1.8228 0.019152 0.31471
794.81 57252 3085 2772.8 1938.8 0.14671 2708.1 1008.9 1.8228 0.01956 0.31401
795.74 57673 3097.9 2759 1855.2 0.14608 2587.5 962.8 1.8228 0.01999 0.31365
796.54 58033 3108.9 2747.2 1786.6 0.14554 2492.2 926.92 1.8228 0.020359 0.31367
797.04 58259 3115.9 2739.8 1744.6 0.1452 2430.5 903.19 1.8228 0.020591 0.31338
797.17 58314 3117.6 2737.9 1734.4 0.14511 2415.9 897.64 1.8228 0.020649 0.31334
797.47 58453 3121.9 2733.4 1709.1 0.14491 2381.4 884.79 1.8228 0.020792 0.31341
798.14 58753 3131.2 2723.5 1655.7 0.14446 2307.9 857.23 1.8229 0.021102 0.31348
799.03 59154 3143.8 2710.4 1586.7 0.14386 2210.9 820.59 1.8229 0.021517 0.31337
799.96 59575 3157.1 2696.5 1516.8 0.14324 2113.2 783.83 1.8229 0.021957 0.31333
800.76 59934 3168.5 2684.7 1459.5 0.14271 2027.4 750.64 1.8229 0.022332 0.31266
801.26 60160 3175.7 2677.3 1424.4 0.14237 1973.1 729.4 1.8229 0.022569 0.31203
801.38 60216 3177.4 2675.5 1415.9 0.14229 1960.9 724.8 1.8229 0.022628 0.312
802.28 60619 3190.4 2662.2 1355.4 0.14169 1874.6 692.05 1.8229 0.023053 0.31168
803.87 61338 3213.7 2638.6 1253.3 0.14063 1699.5 621.26 1.823 0.023814 0.30736
805.23 61947 3233.8 2618.6 1172.1 0.1397 1549.6 559.33 1.823 0.024464 0.30195
805.6 62116 3239.3 2613 1150.6 0.13943 1514.5 545.36 1.823 0.024645 0.30102
806.5 62519 3252.8 2599.8 1100.3 0.13881 1441.3 517.45 1.823 0.025078 0.29998
808.09 63237 3277 2576.2 1015.7 0.13768 1300.7 461.27 1.8231 0.025855 0.2953
809.45 63845 3297.8 2556.1 948.59 0.1367 1186 415.08 1.8231 0.026518 0.29048
809.82 64013 3303.5 2550.6 930.77 0.13643 1157.6 403.9 1.8231 0.026702 0.28943
810.65 64387 3316.5 2538.3 892.22 0.13583 1104.5 384.17 1.8231 0.027112 0.2885
812.39 65167 3343.8 2512.6 816.23 0.13456 982.21 335.92 1.8231 0.027975 0.28297
814.56 66140 3378.5 2480.4 729.5 0.13294 853.61 288.17 1.8232 0.029063 0.27765
816.59 67046 3411.4 2450.4 656.27 0.13145 759.48 255.74 1.8232 0.030088 0.27553
817.92 67643 3433.4 2430.7 611.68 0.13047 693.84 232.15 1.8232 0.030769 0.27171
818.26 67793 3438.9 2425.7 600.91 0.13022 678.78 226.82 1.8232 0.030941 0.27093
819.09 68164 3452.8 2413.4 574.96 0.12961 644 214.64 1.8233 0.031368 0.26935
820.83 68939 3482 2387.7 523.97 0.12833 566.52 186.49 1.8233 0.032267 0.2629
823 69906 3519.2 2355.5 466.02 0.1267 482.73 156.44 1.8233 0.033401 0.25537
825.02 70805 3554.5 2325.5 417.32 0.12516 415.49 132.62 1.8234 0.034469 0.2487
826.36 71397 3578 2305.8 387.25 0.12414 375.78 118.72 1.8234 0.035179 0.24451
826.69 71546 3584 2300.8 379.94 0.12389 367.18 115.9 1.8234 0.035358 0.24382
827.31 71819 3595 2291.7 366.87 0.12342 353.23 111.46 1.8234 0.035688 0.24318
828.64 72407 3619 2272 340.08 0.12242 324.51 102.3 1.8234 0.036404 0.24165
830.42 73191 3651.4 2245.7 307.2 0.12106 267.71 82.533 1.8235 0.037367 0.22682
832.29 74015 3686.1 2218 275.9 0.11944 193.92 57.128 1.8235 0.03839 0.19554
833.88 74713 3716.4 2194.4 251.73 0.11784 142.99 41.323 1.8235 0.03927 0.16876
834.88 75150 3735.7 2179.6 237.64 0.11673 115.34 33.655 1.8235 0.039827 0.1509
835.13 75257 3740.5 2175.9 234.29 0.11644 109.31 31.983 1.8235 0.039965 0.14684
835.72 75513 3751.9 2167.2 226.49 0.11574 95.489 28.258 1.8235 0.040294 0.13671
836.89 76017 3774.9 2149.9 211.85 0.11427 72.275 22.761 1.8236 0.040949 0.11636
838.18 76572 3800.6 2130.7 196.77 0.11251 50.957 18.036 1.8236 0.041681 0.093856
839.11 76966 3819.2 2117 186.68 0.11116 38.302 15.453 1.8236 0.042208 0.077693
839.35 77068 3824.1 2113.4 184.15 0.1108 35.22 14.82 1.8236 0.042345 0.073512
839.94 77316 3836.1 2104.7 178.12 0.1099 28.508 13.65 1.8236 0.042682 0.063281
841.11 77805 3860 2087.4 166.83 0.10802 16.567 11.841 1.8236 0.043352 0.042918
842.4 78340 3886.8 2068.3 155.24 0.10581 6.7973 10.477 1.8237 0.0441 0.020365
843.33 78718 3906.1 2054.6 147.52 0.10415 1.3303 9.7474 1.8237 0.04464 0.0041944
843.57 78816 3911.2 2051 145.58 0.1037 -7.4648e-16 9.5665 1.8237 0.04478 0
843.57 78816 3911.2 2051 145.58 0.1037 -7.4648e-16 9.5665 1.8237 0.04478 0
844.57 79221 3910.2 2051 136.28 0.10184 -6.9876e-16 8.9518 1.8237 0.045364 0
845.57 79615 3909.3 2051 127.76 0.099978 1.474e-15 8.3895 1.8237 0.045948 0
846.57 80001 3908.4 2051 119.89 0.098114 1.3832e-15 7.8701 1.8237 0.046532 0
847.57 80380 3907.5 2051 112.62 0.09625 -5.7746e-16 7.39 1.8237 0.047115 0
848.57 80752 3906.6 2051 105.89 0.094386 -8.8229e-16 6.9461 1.8237 0.047699 0
849.57 81117 3905.7 2051 99.659 0.09252 -5.1101e-16 6.5352 1.8238 0.048283 0
850.57 81474 3904.9 2051 93.89 0.090654 -7.8231e-16 6.1549 1.8238 0.048866 0
851.57 81824 3904.1 2051 88.545 0.088787 0 5.8026 1.8238 0.04945 0
852.57 82166 3903.3 2051 83.59 0.086919 -5.3576e-16 5.4761 1.8238 0.050033 0
853.57 82501 3902.5 2051 78.993 0.08505 1.5189e-16 5.1733 1.8238 0.050617 0
854.57 82829 3901.7 2051 74.728 0.083181 1.4369e-16 4.8925 1.8238 0.0512 0
855.57 83150 3900.9 2051 70.767 0.081311 -2.9482e-16 4.6318 1.8238 0.051783 0
856.57 83463 3900.2 2051 67.089 0.079441 -4.3e-16 4.3897 1.8238 0.052366 0
857.57 83769 3899.5 2051 63.67 0.07757 3.8768e-16 4.1648 1.8239 0.052949 0
858.57 84067 3898.8 2051 60.492 0.075698 3.6833e-16 3.9558 1.8239 0.053533 0
859.57 84358 3898.1 2051 57.535 0.073826 -3.6877e-16 3.7614 1.8239 0.054116 0
860.57 84642 3897.4 2051 54.784 0.071953 3.3358e-16 3.5805 1.8239 0.054699 0
861.57 84919 3896.8 2051 52.189 0.07008 1.0035e-16 3.4102 1.8239 0.055282 0
862.57 85188 3896.2 1920.1 0 0.068205 -0 0 1.8239 0.055864 0
863.57 85450 3895.6 1920.1 0 0.066331 0 0 1.8239 0.056447 0
864.57 85704 3895 1920.1 0 0.064456 0 0 1.8239 0.05703 0
865.57 85952 3894.4 1920.1 0 0.06258 -0 0 1.8239 0.057613 0
866.57 86192 3893.8 1920.1 0 0.060704 0 0 1.8239 0.058196 0
867.57 86424 3893.3 1920.1 0 0.058827 -0 0 1.824 0.058778 0
868.57 86649 3892.8 1920.1 0 0.05695 0 0 1.824 0.059361 0
869.57 86867 3892.3 1920.1 0 0.055073 -0 0 1.824 0.059944 0
870.57 87078 3891.8 1920.1 0 0.053195 0 0 1.824 0.060526 0
871.57 87281 3891.3 1920.1 0 0.051317 -0 0 1.824 0.061109 0
872.57 87477 3890.9 1920.1 0 0.049438 0 0 1.824 0.061691 0
873.57 87666 3890.5 1920.1 0 0.047559 -0 0 1.824 0.062274 0
874.57 87847 3890 1920.1 0 0.045679 0 0 1.824 0.062856 0
875.57 88021 3889.7 1920.1 0 0.043799 -0 0 1.824 0.063439 0
876.57 88188 3889.3 1920.1 0 0.041919 0 0 1.824 0.064021 0
877.57 88347 3888.9 1920.1 0 0.040039 0 0 1.824 0.064604 0
878.57 88499 3888.6 1920.1 0 0.038158 0 0 1.824 0.065186 0
879.57 88644 3888.3 1920.1 0 0.036277 -0 0 1.824 0.065768 0
880.57 88781 3888 1920.1 0 0.034395 -0 0 1.824 0.066351 0
881.57 88911 3887.7 1920.1 0 0.032514 0 0 1.8241 0.066933 0
882.57 89034 3887.4 1920.1 0 0.030632 -0 0 1.8241 0.067515 0
883.57 89149 3887.2 1920.1 0 0.028749 0 0 1.8241 0.068098 0
884.57 89257 3886.9 1920.1 0 0.026867 0 0 1.8241 0.06868 0
885.57 89358 3886.7 1920.1 0 0.024985 0 0 1.8241 0.069262 0
886.57 89451 3886.5 1920.1 0 0.023102 0 0 1.8241 0.069844 0
887.57 89537 3886.3 1920.1 0 0.021219 0 0 1.8241 0.070427 0
888.57 89616 3886.2 1920.1 0 0.019336 0 0 1.8241 0.071009 0
889.57 89688 3886 1920.1 0 0.017453 -0 0 1.8241 0.071591 0
890.57 89752 3885.9 1920.1 0 0.015569 0 0 1.8241 0.072173 0
891.57 89809 3885.8 1920.1 0 0.013686 0 0 1.8241 0.072756 0
892.57 89858 3885.7 1920.1 0 0.011802 0 0 1.8241 0.073338 0
893.57 89900 3885.7 1920.1 0 0.0099188 0 0 1.8241 0.07392 0
894.57 89935 3885.6 1920.1 0 0.0080351 0 0 1.8241 0.074502 0
895.57 89963 3885.6 1920.1 0 0.0061514 0 0 1.8241 0.075084 0
896.57 89983 3885.6 1920.1 0 0.0042677 -0 0 1.8241 0.075666 0
897.57 89996 3885.6 1920.1 0 0.002384 0 0 1.8241 0.076249 0
898.57 90002 3885.6 1920.1 0 0.00050028 -0 0 1.8241 0.076831 0
899.57 90000 3885.6 1920.1 0 0 -0 0 1.8241 0.077413 0
