time (s) altitude (m) velocity (m/s) mass (kg) dynamic pressure (Pa)trajectory angle (rad) Lift (N)Drag (N)heading angle (rad) latitude (rad) angle of attack (rad) 
681.77 40836 2706.7 3300 12480 0.1671 15889 5744.5 1.8232 -0.017374 0.29488
682.63 41223 2714.8 3287.3 11868 0.16736 15113 5464 1.8232 -0.017028 0.29492
684.16 41916 2729.7 3264.7 10853 0.16765 13899 5037.3 1.8232 -0.016409 0.29605
685.45 42508 2742.6 3245.5 10063 0.16777 13077 4769.8 1.8233 -0.015882 0.29905
685.81 42672 2746.1 3240.2 9855 0.16779 12834 4685.3 1.8233 -0.015735 0.29947
686.67 43065 2754.8 3227.5 9375.4 0.1678 12334 4522.2 1.8233 -0.015384 0.30157
688.19 43770 2770.4 3204.9 8580.5 0.16773 11524 4261.6 1.8233 -0.014757 0.3059
689.49 44370 2783.9 3185.7 7961.6 0.1676 10770 3994.7 1.8234 -0.014221 0.30745
689.85 44536 2787.7 3180.5 7799.2 0.16755 10558 3917 1.8234 -0.014073 0.3076
690.7 44935 2796.7 3167.8 7424 0.16739 10095 3751.6 1.8234 -0.013717 0.30853
692.23 45648 2813.1 3145.2 6802.6 0.16703 9315.1 3471.5 1.8234 -0.01308 0.31005
693.53 46255 2827.3 3126 6318.9 0.16665 8680.6 3239 1.8235 -0.012536 0.31074
693.88 46423 2831.2 3120.7 6192 0.16653 8505.4 3173.4 1.8235 -0.012385 0.31071
694.31 46624 2836 3114.3 6043.5 0.16638 8314.4 3104 1.8235 -0.012205 0.31105
695.08 46983 2844.5 3103 5788.1 0.1661 7979.1 2981.1 1.8235 -0.011882 0.31149
695.72 47288 2851.7 3093.4 5597.6 0.16584 7707.3 2877.9 1.8235 -0.011608 0.31122
695.9 47372 2853.8 3090.8 5546.2 0.16577 7635.8 2850.9 1.8235 -0.011532 0.31119
696.33 47574 2858.6 3084.4 5425 0.16559 7481.2 2794.8 1.8235 -0.011349 0.31154
697.1 47934 2867.3 3073.1 5215.6 0.16526 7199.8 2690.4 1.8236 -0.011024 0.31175
697.74 48239 2874.7 3063.6 5044.3 0.16496 6943.7 2591.5 1.8236 -0.010748 0.31113
697.92 48324 2876.8 3060.9 4998 0.16487 6878.4 2566.8 1.8236 -0.010671 0.31108
698.78 48729 2886.7 3048.2 4781.7 0.16446 6589.8 2460.1 1.8236 -0.010303 0.31136
700.31 49451 2904.6 3025.6 4419.4 0.16367 6091.3 2273.4 1.8236 -0.0096457 0.31136
701.6 50064 2920 3006.4 4133.6 0.16295 5677.7 2115.5 1.8237 -0.0090843 0.31059
701.96 50234 2924.3 3001.1 4058 0.16275 5564.4 2071.7 1.8237 -0.0089288 0.31021
702.82 50640 2934.6 2988.4 3882.5 0.16225 5335.7 1988.1 1.8237 -0.0085552 0.31069
704.34 51364 2953.2 2965.8 3601.7 0.16133 4933.3 1834.9 1.8237 -0.0078863 0.30993
705.64 51979 2969.2 2946.7 3388.8 0.1605 4591.4 1698.8 1.8238 -0.0073155 0.30755
706 52149 2973.7 2941.4 3332.1 0.16027 4505.3 1665.1 1.8238 -0.0071574 0.3071
706.85 52556 2984.4 2928.7 3199.5 0.1597 4329.1 1599.6 1.8238 -0.0067774 0.30724
708.38 53280 3003.8 2906.1 2974.9 0.15867 3991 1467.8 1.8238 -0.0060971 0.30539
709.68 53895 3020.4 2886.9 2795.6 0.15776 3698.5 1350.9 1.8238 -0.0055164 0.30242
710.03 54065 3025 2881.6 2747.8 0.1575 3626.2 1322.7 1.8239 -0.0053555 0.30189
710.89 54472 3036.2 2868.9 2636.3 0.15688 3479.4 1268.4 1.8239 -0.0049689 0.3019
712.42 55196 3056.2 2846.3 2447.8 0.15576 3200.7 1160.7 1.8239 -0.0042766 0.29994
713.71 55810 3073.5 2827.1 2297.4 0.15478 2960.5 1065.5 1.8239 -0.0036857 0.29691
714.07 55979 3078.2 2821.8 2257.4 0.1545 2901.6 1042.8 1.8239 -0.003522 0.29638
714.93 56385 3089.8 2809.1 2164.1 0.15384 2783.1 999.77 1.824 -0.0031285 0.29647
716.46 57108 3110.6 2786.5 2006.5 0.15266 2554.6 912.31 1.824 -0.0024239 0.29441
717.75 57720 3128.4 2767.3 1881 0.15163 2353.9 832.8 1.824 -0.0018223 0.29093
718.11 57889 3133.4 2762 1847.6 0.15134 2305.5 814.33 1.824 -0.0016556 0.29036
718.97 58294 3145.3 2749.4 1769.8 0.15065 2206.9 778.68 1.824 -0.0012549 0.2902
720.49 59015 3166.8 2726.7 1638.6 0.14942 2018.9 707.16 1.8241 -0.00053752 0.28781
721.79 59625 3185.3 2707.6 1534.3 0.14835 1858.2 644.46 1.8241 7.5074e-05 0.28445
722.15 59793 3190.4 2702.3 1506.6 0.14806 1819.4 629.86 1.8241 0.00024483 0.2839
723 60197 3202.8 2689.6 1442.1 0.14735 1739.4 601.32 1.8241 0.00065286 0.28365
724.53 60914 3225 2667 1333.3 0.14609 1592.2 546.76 1.8242 0.0013836 0.28172
725.83 61522 3244.1 2647.8 1247 0.14501 1471.5 501.47 1.8242 0.0020075 0.27946
726.18 61689 3249.4 2642.5 1224 0.14471 1442 490.84 1.8242 0.0021805 0.27912
727.04 62091 3262.2 2629.8 1170.6 0.144 1380.9 469.89 1.8242 0.0025961 0.27935
728.57 62805 3285.1 2607.2 1080.8 0.14276 1273.8 432.62 1.8242 0.0033405 0.27915
729.86 63410 3304.8 2588 1009.5 0.14171 1180.7 399.39 1.8243 0.0039763 0.27763
730.22 63577 3310.3 2582.7 990.6 0.14142 1155.7 390.41 1.8243 0.0041525 0.27712
731.08 63977 3323.4 2570 946.59 0.14073 1100.5 370.96 1.8243 0.004576 0.27643
732.61 64688 3347.1 2547.4 872.58 0.1395 992.51 331.26 1.8243 0.0053345 0.27221
733.9 65291 3367.4 2528.2 813.97 0.13844 903.57 298.72 1.8244 0.0059824 0.26765
734.26 65457 3373.1 2523 798.44 0.13815 882.51 291.34 1.8244 0.0061619 0.26686
735.12 65855 3386.7 2510.3 762.31 0.13744 835.95 275.29 1.8244 0.0065936 0.26542
736.64 66563 3411.2 2487.7 701.64 0.13618 745.44 242.64 1.8244 0.0073667 0.25974
737.94 67162 3432.2 2468.5 653.68 0.13509 675.55 217.57 1.8244 0.0080271 0.25494
738.3 67327 3438.1 2463.2 640.98 0.13479 659.15 211.9 1.8244 0.0082101 0.25409
739.09 67695 3451.1 2451.4 613.53 0.13412 626.19 200.8 1.8245 0.0086185 0.25281
740.76 68462 3478.7 2426.8 559.61 0.13272 555.32 176.14 1.8245 0.0094772 0.24812
742.83 69417 3513.7 2396 498.35 0.13096 481.93 151.46 1.8245 0.01056 0.2439
744.77 70305 3546.9 2367.3 446.87 0.12934 422.48 132.27 1.8246 0.01158 0.24004
746.05 70889 3569 2348.4 415.65 0.12827 385.13 120.11 1.8246 0.012257 0.23667
746.37 71035 3574.6 2343.6 408.08 0.128 376.56 117.35 1.8246 0.012428 0.23599
746.96 71304 3584.9 2334.9 394.18 0.12751 361.43 112.52 1.8246 0.012743 0.23494
748.23 71884 3607.4 2316 365.74 0.12645 325.32 100.57 1.8246 0.013425 0.23004
749.93 72657 3637.8 2290.9 330.82 0.12499 267.66 80.634 1.8247 0.014343 0.21564
751.72 73467 3670.4 2264.4 297.57 0.1233 198.04 57.822 1.8247 0.015318 0.18827
753.25 74154 3698.7 2241.8 271.88 0.12167 145.37 42.035 1.8247 0.016156 0.16154
754.21 74583 3716.7 2227.6 256.88 0.12054 117.58 34.329 1.8247 0.016686 0.14492
754.45 74689 3721.2 2224.1 253.31 0.12025 111.13 32.542 1.8247 0.016817 0.1408
755.24 75043 3736.3 2212.3 241.69 0.11925 92.654 28.168 1.8247 0.017259 0.12699
756.9 75779 3768.3 2187.7 219.15 0.11699 59.794 20.612 1.8248 0.01819 0.097965
758.98 76686 3809.1 2156.9 194.1 0.11385 30.171 14.816 1.8248 0.019365 0.061709
760.92 77517 3847.8 2128.2 173.57 0.11061 10.417 11.852 1.8248 0.020471 0.027889
762.2 78056 3873.7 2109.3 161.38 0.10831 1.9468 10.707 1.8249 0.021207 0.0056107
762.52 78191 3880.3 2104.5 158.48 0.10771 1.8283e-15 10.437 1.8249 0.021393 0
762.52 78191 3880.3 2104.5 158.48 0.10771 1.8283e-15 10.437 1.8249 0.021393 0
763.52 78608 3879.3 2104.5 148.11 0.10582 9.493e-16 9.7505 1.8249 0.021972 0
764.52 79014 3878.3 2104.5 138.63 0.10394 4.4428e-16 9.1234 1.8249 0.022551 0
765.52 79412 3877.3 2104.5 129.89 0.10205 4.1625e-16 8.5447 1.8249 0.02313 0
766.52 79804 3876.4 2104.5 121.81 0.10016 3.9035e-16 8.0104 1.8249 0.023708 0
767.52 80188 3875.5 2104.5 114.34 0.098271 -2.1985e-16 7.5168 1.8249 0.024287 0
768.52 80564 3874.6 2104.5 107.43 0.096381 -5.5087e-16 7.0605 1.825 0.024866 0
769.52 80933 3873.7 2104.5 101.05 0.09449 3.2382e-16 6.6385 1.825 0.025444 0
770.52 81295 3872.8 2104.5 95.134 0.092599 -4.878e-16 6.2479 1.825 0.026023 0
771.52 81650 3872 2104.5 89.658 0.090707 -4.5972e-16 5.8864 1.825 0.026601 0
772.52 81997 3871.2 2104.5 84.583 0.088814 2.7106e-16 5.5515 1.825 0.027179 0
773.52 82336 3870.4 2104.5 79.88 0.08692 -6.6557e-16 5.2411 1.825 0.027758 0
774.52 82669 3869.6 2104.5 75.515 0.085026 2.42e-16 4.9532 1.825 0.028336 0
775.52 82994 3868.8 2104.5 71.466 0.083131 -5.9547e-16 4.6862 1.825 0.028914 0
776.52 83311 3868 2104.5 67.706 0.081235 2.1698e-16 4.4383 1.8251 0.029492 0
777.52 83621 3867.3 2104.5 64.213 0.079339 -2.6752e-16 4.2081 1.8251 0.03007 0
778.52 83924 3866.6 2104.5 60.967 0.077442 0 3.9942 1.8251 0.030648 0
779.52 84220 3865.9 2104.5 57.948 0.075544 2.4142e-16 3.7954 1.8251 0.031226 0
780.52 84508 3865.2 2104.5 55.141 0.073646 -2.2972e-16 3.6105 1.8251 0.031804 0
781.52 84788 3864.6 2104.5 52.53 0.071747 -4.3769e-16 3.4386 1.8251 0.032382 0
782.52 85062 3863.9 1973.6 0 0.069848 -0 0 1.8251 0.03296 0
783.52 85328 3863.3 1973.6 0 0.067948 0 0 1.8251 0.033538 0
784.52 85586 3862.7 1973.6 0 0.066047 -0 0 1.8251 0.034116 0
785.52 85838 3862.1 1973.6 0 0.064146 0 0 1.8251 0.034693 0
786.52 86081 3861.5 1973.6 0 0.062244 0 0 1.8252 0.035271 0
787.52 86318 3861 1973.6 0 0.060342 -0 0 1.8252 0.035849 0
788.52 86547 3860.4 1973.6 0 0.05844 0 0 1.8252 0.036426 0
789.52 86769 3859.9 1973.6 0 0.056536 0 0 1.8252 0.037004 0
790.52 86983 3859.4 1973.6 0 0.054633 0 0 1.8252 0.037581 0
791.52 87190 3859 1973.6 0 0.052729 -0 0 1.8252 0.038159 0
792.52 87390 3858.5 1973.6 0 0.050825 0 0 1.8252 0.038736 0
793.52 87582 3858 1973.6 0 0.04892 -0 0 1.8252 0.039314 0
794.52 87767 3857.6 1973.6 0 0.047015 0 0 1.8252 0.039891 0
795.52 87945 3857.2 1973.6 0 0.045109 0 0 1.8252 0.040469 0
796.52 88115 3856.8 1973.6 0 0.043203 -0 0 1.8252 0.041046 0
797.52 88278 3856.5 1973.6 0 0.041297 0 0 1.8252 0.041623 0
798.52 88434 3856.1 1973.6 0 0.03939 0 0 1.8252 0.042201 0
799.52 88582 3855.8 1973.6 0 0.037483 0 0 1.8253 0.042778 0
800.52 88723 3855.5 1973.6 0 0.035576 0 0 1.8253 0.043355 0
801.52 88856 3855.2 1973.6 0 0.033668 0 0 1.8253 0.043933 0
802.52 88982 3854.9 1973.6 0 0.031761 -0 0 1.8253 0.04451 0
803.52 89101 3854.6 1973.6 0 0.029853 0 0 1.8253 0.045087 0
804.52 89212 3854.4 1973.6 0 0.027945 -0 0 1.8253 0.045664 0
805.52 89316 3854.2 1973.6 0 0.026036 0 0 1.8253 0.046241 0
806.52 89413 3854 1973.6 0 0.024127 0 0 1.8253 0.046819 0
807.52 89502 3853.8 1973.6 0 0.022219 0 0 1.8253 0.047396 0
808.52 89584 3853.6 1973.6 0 0.02031 0 0 1.8253 0.047973 0
809.52 89659 3853.5 1973.6 0 0.018401 0 0 1.8253 0.04855 0
810.52 89726 3853.3 1973.6 0 0.016491 0 0 1.8253 0.049127 0
811.52 89786 3853.2 1973.6 0 0.014582 -0 0 1.8253 0.049704 0
812.52 89838 3853.1 1973.6 0 0.012672 0 0 1.8253 0.050281 0
813.52 89884 3853 1973.6 0 0.010763 0 0 1.8253 0.050859 0
814.52 89921 3853 1973.6 0 0.0088532 -0 0 1.8253 0.051436 0
815.52 89952 3852.9 1973.6 0 0.0069436 0 0 1.8253 0.052013 0
816.52 89975 3852.9 1973.6 0 0.0050339 0 0 1.8253 0.05259 0
817.52 89991 3852.9 1973.6 0 0.0031241 -0 0 1.8253 0.053167 0
818.52 89999 3852.9 1973.6 0 0.0012144 -0 0 1.8253 0.053744 0
819.52 90000 3853 1973.6 0 0 -0 0 1.8253 0.054321 0
