time (s) altitude (m) velocity (m/s) mass (kg) dynamic pressure (Pa)trajectory angle (rad) Lift (N)Drag (N)heading angle (rad) latitude (rad) angle of attack (rad) 
705.37 41305 2686 3300 11480 0.16572 15853 5934.3 1.8232 -0.011092 0.31197
706.24 41690 2694.2 3287.2 10923 0.16602 15086 5647.1 1.8233 -0.010744 0.31199
707.78 42380 2709.1 3264.3 9999.7 0.16638 13788 5157.3 1.8233 -0.010123 0.31162
709.09 42970 2722 3244.9 9279.3 0.16653 12778 4777 1.8233 -0.0095932 0.31134
709.46 43133 2725.7 3239.5 9090.1 0.16655 12501 4670.6 1.8233 -0.0094465 0.31104
710.32 43526 2734.4 3226.7 8652.9 0.16654 11913 4452.6 1.8234 -0.0090941 0.31128
711.87 44227 2750.3 3203.8 7928 0.16642 10939 4092 1.8234 -0.0084638 0.31176
713.18 44825 2764 3184.4 7363.4 0.1662 10193 3817.8 1.8234 -0.0079261 0.31247
713.54 44991 2767.8 3179.1 7215.2 0.16613 9976.5 3734.7 1.8234 -0.0077771 0.31221
714.41 45388 2777.1 3166.3 6872.7 0.16592 9510.9 3561.4 1.8235 -0.0074194 0.31239
715.95 46098 2793.8 3143.4 6305.3 0.16545 8735.4 3272.2 1.8235 -0.0067792 0.31263
717.26 46701 2808.2 3124 5863.3 0.16497 8147 3055 1.8235 -0.006233 0.31327
717.62 46868 2812.2 3118.6 5747.4 0.16483 7975.3 2989 1.8235 -0.0060818 0.31297
718.49 47269 2821.9 3105.8 5494.2 0.16447 7648.6 2869.8 1.8235 -0.0057183 0.31367
720.03 47983 2839.3 3082.9 5082.9 0.16378 7123.4 2681.8 1.8236 -0.0050677 0.31508
721.35 48590 2854.4 3063.5 4757.9 0.16315 6675.9 2514.5 1.8236 -0.0045126 0.31532
721.71 48758 2858.5 3058.2 4671.9 0.16297 6546.1 2463.3 1.8236 -0.0043589 0.31502
722.57 49160 2868.6 3045.3 4472 0.16252 6269.7 2359.8 1.8236 -0.0039894 0.31513
724.12 49877 2886.8 3022.5 4136.8 0.16168 5804.9 2185.3 1.8237 -0.003328 0.31529
725.43 50486 2902.5 3003.1 3872.3 0.16093 5441.4 2049.7 1.8237 -0.0027636 0.31558
725.79 50655 2906.8 2997.7 3802.3 0.16072 5334.2 2007.1 1.8237 -0.0026072 0.31522
726.66 51058 2917.3 2984.9 3641.5 0.1602 5106.6 1920.6 1.8237 -0.0022314 0.31511
728.2 51777 2936.2 2962 3393 0.15925 4739.1 1777.1 1.8238 -0.0015588 0.31422
729.51 52387 2952.4 2942.6 3193.9 0.15841 4451.9 1667.2 1.8238 -0.0009846 0.31374
729.87 52556 2956.9 2937.3 3140.8 0.15817 4370.7 1635.3 1.8238 -0.00082552 0.31337
730.74 52959 2967.8 2924.4 3016.7 0.15761 4201.5 1571.8 1.8238 -0.00044322 0.31354
732.29 53679 2987.4 2901.6 2806.3 0.15658 3909.8 1461.6 1.8239 0.0002412 0.31358
733.6 54289 3004.2 2882.2 2638.2 0.1557 3672.2 1371.1 1.8239 0.00082548 0.31335
733.96 54458 3008.9 2876.8 2593.5 0.15546 3603.7 1344.4 1.8239 0.00098736 0.31297
734.82 54862 3020.1 2864 2488.8 0.15486 3459.9 1290.3 1.8239 0.0013764 0.31305
736.37 55581 3040.4 2841.1 2311.8 0.1538 3192.6 1186.2 1.824 0.002073 0.31157
737.68 56191 3057.8 2821.7 2170.5 0.15287 2969.4 1097.9 1.824 0.0026678 0.3095
738.04 56360 3062.6 2816.4 2132.9 0.15262 2911 1075 1.824 0.0028326 0.30898
738.91 56763 3074.3 2803.5 2045.1 0.152 2789.1 1029 1.824 0.0032287 0.30879
740.45 57482 3095.3 2780.7 1896.7 0.15088 2549.6 933.72 1.824 0.0039379 0.30566
741.76 58092 3113.3 2761.3 1778.6 0.1499 2344.9 850.49 1.8241 0.0045435 0.30155
742.12 58260 3118.4 2755.9 1747.1 0.14962 2295.5 831.02 1.8241 0.0047113 0.30082
742.99 58663 3130.4 2743.1 1673.8 0.14896 2196 793.97 1.8241 0.0051147 0.3005
744.54 59380 3152.2 2720.2 1550.1 0.14778 2005 719.27 1.8241 0.005837 0.29754
745.85 59988 3170.9 2700.8 1451.7 0.14676 1842.6 654.38 1.8242 0.0064539 0.29367
746.21 60155 3176.1 2695.5 1425.6 0.14647 1802.9 638.97 1.8242 0.0066248 0.29294
747.07 60557 3188.6 2682.6 1364.7 0.14579 1723 609.72 1.8242 0.0070357 0.2926
748.62 61272 3211.1 2659.8 1262 0.14456 1569.6 550.57 1.8242 0.0077716 0.28958
749.93 61878 3230.4 2640.4 1180.4 0.14351 1439.3 499.19 1.8242 0.0084001 0.28567
750.29 62045 3235.8 2635 1158.7 0.14322 1407.6 487.1 1.8242 0.0085743 0.28495
751.16 62445 3248.8 2622.2 1108.3 0.14252 1342.6 463.55 1.8243 0.008993 0.2844
752.7 63157 3272 2599.3 1023.4 0.14128 1223.5 418.82 1.8243 0.009743 0.28184
754.01 63760 3292 2579.9 956.04 0.14022 1129 383.44 1.8243 0.010384 0.27951
754.37 63927 3297.6 2574.6 938.18 0.13993 1105.7 375 1.8243 0.010561 0.27911
755.24 64325 3310.9 2561.7 896.58 0.13923 1057.8 358.58 1.8243 0.010988 0.27929
756.79 65035 3335 2538.9 826.61 0.13801 966.91 326.2 1.8244 0.011752 0.27758
758.1 65635 3355.6 2519.5 771.17 0.13697 884.78 296.23 1.8244 0.012405 0.27384
758.46 65801 3361.3 2514.1 756.48 0.13669 864.27 288.98 1.8244 0.012586 0.27304
759.32 66198 3375.1 2501.3 722.29 0.136 819.85 273.63 1.8244 0.013021 0.27181
760.87 66904 3400 2478.4 664.86 0.13477 733.01 242.18 1.8245 0.013801 0.26641
762.18 67502 3421.3 2459 619.44 0.13371 662.64 216.52 1.8245 0.014467 0.26097
762.54 67667 3427.2 2453.6 607.42 0.13341 645.4 210.37 1.8245 0.014651 0.25977
762.94 67851 3433.8 2447.7 594.29 0.13308 629.6 205.04 1.8245 0.014857 0.25926
763.78 68234 3447.8 2435.2 567.68 0.1324 593.59 192.4 1.8245 0.015288 0.25697
764.84 68712 3465.3 2419.7 535.95 0.13154 548.7 176.42 1.8245 0.01583 0.25335
765.82 69157 3481.7 2405.2 507.86 0.13072 508.53 162.06 1.8245 0.016337 0.24962
766.46 69450 3492.7 2395.6 490.09 0.13019 485.28 153.98 1.8246 0.016673 0.24777
766.62 69524 3495.4 2393.2 485.71 0.13005 480.27 152.32 1.8246 0.016757 0.24754
767.03 69706 3502.3 2387.2 475.02 0.12972 468.27 148.37 1.8246 0.016967 0.24705
767.87 70087 3516.7 2374.8 453.36 0.12902 441.81 139.37 1.8246 0.017407 0.24518
768.92 70562 3534.8 2359.2 427.57 0.12816 410.8 129.12 1.8246 0.017959 0.24279
769.9 71005 3551.8 2344.7 404.75 0.12735 383.09 120.08 1.8246 0.018477 0.24024
770.55 71296 3563.1 2335.1 389.9 0.12682 366.08 114.58 1.8246 0.018819 0.23888
770.71 71369 3565.9 2332.7 386.25 0.12668 362.28 113.38 1.8246 0.018906 0.23871
771.51 71731 3580.1 2320.8 368.65 0.12602 341.93 106.78 1.8247 0.019334 0.23684
773.2 72487 3610 2295.9 334.3 0.12465 297.89 92.195 1.8247 0.020236 0.23033
775.3 73429 3648.1 2264.8 295.67 0.12283 224.31 66.549 1.8247 0.021373 0.20637
777.26 74303 3684.4 2235.8 263.64 0.12085 150.79 43.44 1.8248 0.022444 0.16959
778.55 74875 3708.8 2216.6 244.46 0.11937 115.98 33.789 1.8248 0.023156 0.14852
778.87 75019 3715 2211.8 239.86 0.11898 106.91 31.275 1.8248 0.023336 0.14232
779.28 75196 3722.7 2205.9 234.29 0.11848 97.748 28.974 1.8248 0.023559 0.13556
780.12 75565 3738.8 2193.4 223.08 0.1174 80.028 24.845 1.8248 0.024027 0.12076
781.17 76024 3759.3 2177.9 209.86 0.11597 60.427 20.26 1.8248 0.024615 0.1025
782.15 76449 3778.5 2163.3 198.29 0.11455 45.766 17.272 1.8248 0.025166 0.085337
782.8 76727 3791.2 2153.8 191.04 0.11358 36.956 15.462 1.8248 0.02553 0.074113
782.96 76797 3794.5 2151.4 189.26 0.11333 34.814 15.021 1.8248 0.025622 0.071258
783.36 76969 3802.5 2145.4 184.94 0.1127 30.148 14.245 1.8249 0.02585 0.064241
784.2 77328 3819.3 2133 176.25 0.11133 20.993 12.858 1.8249 0.026328 0.04956
785.25 77772 3840.5 2117.4 166.03 0.10955 11.165 11.384 1.8249 0.026929 0.031211
786.23 78181 3860.4 2102.9 157.11 0.10781 4.7661 10.538 1.8249 0.027492 0.01411
786.88 78448 3873.7 2093.3 151.53 0.10662 0.92425 10.015 1.8249 0.027865 0.0028369
787.04 78515 3877 2090.9 150.16 0.10632 9.6246e-16 9.8877 1.8249 0.027959 0
787.04 78515 3877 2090.9 150.16 0.10632 9.6246e-16 9.8877 1.8249 0.027959 0
788.04 78927 3876 2090.9 140.44 0.10443 4.5007e-16 9.2442 1.8249 0.028537 0
789.04 79327 3875.1 2090.9 131.55 0.10254 4.2158e-16 8.656 1.8249 0.029116 0
790.04 79720 3874.1 2090.9 123.34 0.10065 0 8.1129 1.825 0.029694 0
791.04 80105 3873.2 2090.9 115.75 0.098759 -1.1871e-15 7.6112 1.825 0.030272 0
792.04 80484 3872.3 2090.9 108.74 0.096867 3.4848e-16 7.1476 1.825 0.030851 0
793.04 80854 3871.4 2090.9 102.25 0.094975 6.5537e-16 6.7189 1.825 0.031429 0
794.04 81218 3870.6 2090.9 96.245 0.093081 -4.935e-16 6.3222 1.825 0.032007 0
795.04 81574 3869.7 2090.9 90.684 0.091188 2.9062e-16 5.955 1.825 0.032585 0
796.04 81923 3868.9 2090.9 85.532 0.089293 2.7411e-16 5.6149 1.825 0.033163 0
797.04 82264 3868.1 2090.9 80.756 0.087398 -6.7288e-16 5.2997 1.8251 0.033741 0
798.04 82598 3867.3 2090.9 76.327 0.085501 0 5.0074 1.8251 0.034319 0
799.04 82925 3866.5 2090.9 72.216 0.083605 2.3143e-16 4.7363 1.8251 0.034897 0
800.04 83244 3865.7 2090.9 68.4 0.081707 2.192e-16 4.4847 1.8251 0.035475 0
801.04 83556 3865 2090.9 64.856 0.079809 -5.4039e-16 4.251 1.8251 0.036052 0
802.04 83860 3864.3 2090.9 61.562 0.07791 -5.1295e-16 4.034 1.8251 0.03663 0
803.04 84157 3863.6 2090.9 58.5 0.076011 2.4372e-16 3.8323 1.8251 0.037208 0
804.04 84447 3862.9 2090.9 55.652 0.074111 2.3185e-16 3.6447 1.8251 0.037785 0
805.04 84729 3862.2 2090.9 53.004 0.07221 -2.2082e-16 3.4703 1.8251 0.038363 0
806.04 85004 3861.6 1960 0 0.070309 0 0 1.8252 0.03894 0
807.04 85272 3860.9 1960 0 0.068407 0 0 1.8252 0.039518 0
808.04 85532 3860.3 1960 0 0.066504 0 0 1.8252 0.040095 0
809.04 85785 3859.7 1960 0 0.064602 0 0 1.8252 0.040672 0
810.04 86030 3859.2 1960 0 0.062698 0 0 1.8252 0.04125 0
811.04 86268 3858.6 1960 0 0.060794 -0 0 1.8252 0.041827 0
812.04 86499 3858.1 1960 0 0.05889 0 0 1.8252 0.042404 0
813.04 86722 3857.6 1960 0 0.056985 0 0 1.8252 0.042981 0
814.04 86939 3857.1 1960 0 0.055079 0 0 1.8252 0.043559 0
815.04 87147 3856.6 1960 0 0.053173 -0 0 1.8252 0.044136 0
816.04 87348 3856.1 1960 0 0.051267 -0 0 1.8252 0.044713 0
817.04 87542 3855.7 1960 0 0.04936 0 0 1.8252 0.04529 0
818.04 87729 3855.2 1960 0 0.047453 -0 0 1.8253 0.045867 0
819.04 87908 3854.8 1960 0 0.045546 -0 0 1.8253 0.046444 0
820.04 88080 3854.4 1960 0 0.043638 -0 0 1.8253 0.047021 0
821.04 88244 3854.1 1960 0 0.04173 0 0 1.8253 0.047598 0
822.04 88402 3853.7 1960 0 0.039821 0 0 1.8253 0.048175 0
823.04 88551 3853.4 1960 0 0.037913 0 0 1.8253 0.048752 0
824.04 88694 3853 1960 0 0.036003 0 0 1.8253 0.049329 0
825.04 88829 3852.7 1960 0 0.034094 0 0 1.8253 0.049905 0
826.04 88956 3852.5 1960 0 0.032184 0 0 1.8253 0.050482 0
827.04 89077 3852.2 1960 0 0.030274 -0 0 1.8253 0.051059 0
828.04 89189 3852 1960 0 0.028364 -0 0 1.8253 0.051636 0
829.04 89295 3851.7 1960 0 0.026454 0 0 1.8253 0.052213 0
830.04 89393 3851.5 1960 0 0.024543 -0 0 1.8253 0.05279 0
831.04 89484 3851.3 1960 0 0.022633 0 0 1.8253 0.053366 0
832.04 89568 3851.2 1960 0 0.020722 -0 0 1.8253 0.053943 0
833.04 89644 3851 1960 0 0.018811 0 0 1.8253 0.05452 0
834.04 89712 3850.9 1960 0 0.016899 0 0 1.8253 0.055097 0
835.04 89774 3850.7 1960 0 0.014988 0 0 1.8253 0.055673 0
836.04 89828 3850.6 1960 0 0.013077 0 0 1.8253 0.05625 0
837.04 89875 3850.6 1960 0 0.011165 0 0 1.8253 0.056827 0
838.04 89914 3850.5 1960 0 0.0092535 -0 0 1.8253 0.057404 0
839.04 89946 3850.5 1960 0 0.0073419 -0 0 1.8253 0.05798 0
840.04 89970 3850.4 1960 0 0.0054302 0 0 1.8253 0.058557 0
841.04 89988 3850.4 1960 0 0.0035185 -0 0 1.8253 0.059134 0
842.04 89997 3850.4 1960 0 0.0016068 0 0 1.8253 0.059711 0
843.04 90000 3850.5 1960 0 0 0 0 1.8253 0.060287 0
